-1.05000000e-02 1 0.00000000e+00
-1.00000000e-02 1 0.00000000e+00
-9.50000000e-03 1 1.56434000e-01
-9.00000000e-03 1 3.09017000e-01
-8.50000000e-03 1 4.53990000e-01
-8.00000000e-03 1 5.87785000e-01
-7.50000000e-03 1 7.07107000e-01
-7.00000000e-03 1 8.09017000e-01
-6.50000000e-03 1 8.91007000e-01
-6.00000000e-03 1 9.51057000e-01
-5.50000000e-03 1 9.87688000e-01
-5.00000000e-03 1 1.00000000e+00
-4.50000000e-03 1 9.87688000e-01
-4.00000000e-03 1 9.51057000e-01
-3.50000000e-03 1 8.91007000e-01
-3.00000000e-03 1 8.09017000e-01
-2.50000000e-03 1 7.07107000e-01
-2.00000000e-03 1 5.87785000e-01
-1.50000000e-03 1 4.53990000e-01
-1.00000000e-03 1 3.09017000e-01
-9.50000000e-04 1 2.94040000e-01
-9.00000000e-04 1 2.78991000e-01
-8.50000000e-04 1 2.63873000e-01
-8.00000000e-04 1 2.48690000e-01
-7.50000000e-04 1 2.33445000e-01
-7.00000000e-04 1 2.18143000e-01
-6.50000000e-04 1 2.02787000e-01
-6.00000000e-04 1 1.87381000e-01
-5.50000000e-04 1 1.71929000e-01
-5.00000000e-04 1 1.56434000e-01
-4.50000000e-04 1 1.40901000e-01
-4.00000000e-04 1 1.25333000e-01
-3.50000000e-04 1 1.09734000e-01
-3.00000000e-04 1 9.41080000e-02
-2.50000000e-04 1 7.84590000e-02
-2.00000000e-04 1 6.27910000e-02
-1.50000000e-04 1 4.71060000e-02
-1.00000000e-04 1 3.14110000e-02
-9.50000000e-05 1 2.98410000e-02
-9.00000000e-05 1 2.82710000e-02
-8.50000000e-05 1 2.67000000e-02
-8.00000000e-05 1 2.51300000e-02
-7.50000000e-05 1 2.35600000e-02
-7.00000000e-05 1 2.19890000e-02
-6.50000000e-05 1 2.04190000e-02
-6.00000000e-05 1 1.88480000e-02
-5.50000000e-05 1 1.72780000e-02
-5.00000000e-05 1 1.57070000e-02
-4.50000000e-05 1 1.41370000e-02
-4.00000000e-05 1 1.25660000e-02
-3.50000000e-05 1 1.09950000e-02
-3.00000000e-05 1 9.42500000e-03
-2.50000000e-05 1 7.85400000e-03
-2.00000000e-05 1 6.28300000e-03
-1.50000000e-05 1 4.71200000e-03
-1.00000000e-05 1 3.14200000e-03
-5.00000000e-06 1 1.57100000e-03
0.00000000e+00 1 0.00000000e+00
5.00000000e-06 1 0.00000000e+00
1.00000000e-05 1 0.00000000e+00
1.50000000e-05 1 0.00000000e+00
2.00000000e-05 1 0.00000000e+00
2.50000000e-05 1 0.00000000e+00
3.00000000e-05 1 0.00000000e+00
3.50000000e-05 1 0.00000000e+00
4.00000000e-05 1 0.00000000e+00
4.50000000e-05 1 0.00000000e+00
5.00000000e-05 1 0.00000000e+00
5.50000000e-05 1 0.00000000e+00
6.00000000e-05 1 0.00000000e+00
6.50000000e-05 1 0.00000000e+00
7.00000000e-05 1 0.00000000e+00
7.50000000e-05 1 0.00000000e+00
8.00000000e-05 1 0.00000000e+00
8.50000000e-05 1 0.00000000e+00
9.00000000e-05 1 0.00000000e+00
9.50000000e-05 1 0.00000000e+00
1.00000000e-04 1 0.00000000e+00
1.50000000e-04 1 0.00000000e+00
2.00000000e-04 1 0.00000000e+00
2.50000000e-04 1 0.00000000e+00
3.00000000e-04 1 0.00000000e+00
3.50000000e-04 1 0.00000000e+00
4.00000000e-04 1 0.00000000e+00
4.50000000e-04 1 0.00000000e+00
5.00000000e-04 1 0.00000000e+00
5.50000000e-04 1 0.00000000e+00
6.00000000e-04 1 0.00000000e+00
6.50000000e-04 1 0.00000000e+00
7.00000000e-04 1 0.00000000e+00
7.50000000e-04 1 0.00000000e+00
8.00000000e-04 1 0.00000000e+00
8.50000000e-04 1 0.00000000e+00
9.00000000e-04 1 0.00000000e+00
9.50000000e-04 1 0.00000000e+00
1.00000000e-03 1 0.00000000e+00
1.50000000e-03 1 0.00000000e+00
2.00000000e-03 1 0.00000000e+00
2.50000000e-03 1 0.00000000e+00
3.00000000e-03 1 0.00000000e+00
3.50000000e-03 1 0.00000000e+00
4.00000000e-03 1 0.00000000e+00
4.50000000e-03 1 0.00000000e+00
5.00000000e-03 1 0.00000000e+00
5.50000000e-03 1 0.00000000e+00
6.00000000e-03 1 0.00000000e+00
6.50000000e-03 1 0.00000000e+00
7.00000000e-03 1 0.00000000e+00
7.50000000e-03 1 0.00000000e+00
8.00000000e-03 1 0.00000000e+00
8.50000000e-03 1 0.00000000e+00
9.00000000e-03 1 0.00000000e+00
9.50000000e-03 1 0.00000000e+00
1.00000000e-02 1 0.00000000e+00
1.05000000e-02 1 0.00000000e+00
