-1.050e-2 1 0.000000 0.000000 0.000000 0.000000
-1.000e-2 1 0.000000 0.000000 0.000000 0.000000
-9.500e-3 1 0.159212 0.159273 0.156769 0.158648
-9.000e-3 1 0.311318 0.312594 0.314333 0.314838
-8.500e-3 1 0.455634 0.457095 0.460184 0.460769
-8.000e-3 1 0.594541 0.589651 0.594047 0.591016
-7.500e-3 1 0.712651 0.718040 0.710140 0.719897
-7.000e-3 1 0.813863 0.821891 0.819045 0.809931
-6.500e-3 1 0.899017 0.905905 0.906086 0.905071
-6.000e-3 1 0.956627 0.969644 0.967563 0.951956
-5.500e-3 1 0.999555 1.002857 0.997097 1.005634
-5.000e-3 1 1.003094 1.006471 1.007569 1.009983
-4.500e-3 1 0.989512 1.006570 1.000085 0.992816
-4.000e-3 1 0.962155 0.958247 0.956172 0.961557
-3.500e-3 1 0.905252 0.892509 0.906468 0.895351
-3.000e-3 1 0.809771 0.818003 0.814960 0.815978
-2.500e-3 1 0.707770 0.713018 0.721055 0.717111
-2.000e-3 1 0.595659 0.597517 0.599384 0.593786
-1.500e-3 1 0.457996 0.459394 0.460661 0.458789
-1.000e-3 1 0.313554 0.311666 0.309722 0.314675
-9.500e-4 1 0.295930 0.298113 0.296201 0.299832
-9.000e-4 1 0.279792 0.279661 0.281577 0.283210
-8.500e-4 1 0.268884 0.268006 0.264858 0.266497
-8.000e-4 1 0.252064 0.249675 0.252052 0.251987
-7.500e-4 1 0.234647 0.236187 0.235497 0.234940
-7.000e-4 1 0.222389 0.221992 0.221041 0.218449
-6.500e-4 1 0.204785 0.203964 0.204769 0.203366
-6.000e-4 1 0.190351 0.188414 0.187808 0.190488
-5.500e-4 1 0.173214 0.173479 0.173591 0.174877
-5.000e-4 1 0.158134 0.158573 0.159218 0.157146
-4.500e-4 1 0.143566 0.141165 0.143344 0.142997
-4.000e-4 1 0.126342 0.127342 0.126873 0.126647
-3.500e-4 1 0.109793 0.110898 0.110305 0.110210
-3.000e-4 1 0.094857 0.095221 0.095400 0.094821
-2.500e-4 1 0.078553 0.079490 0.079752 0.079983
-2.000e-4 1 0.062852 0.063009 0.062848 0.063108
-1.500e-4 1 0.047283 0.047749 0.047274 0.047253
-1.000e-4 1 0.031729 0.031724 0.031577 0.031891
-9.500e-5 1 0.030034 0.030123 0.030317 0.030153
-9.000e-5 1 0.028692 0.028397 0.028816 0.028369
-8.500e-5 1 0.027043 0.026799 0.027122 0.027078
-8.000e-5 1 0.025625 0.025584 0.025361 0.025497
-7.500e-5 1 0.023953 0.023809 0.023828 0.023967
-7.000e-5 1 0.022229 0.022185 0.022242 0.022396
-6.500e-5 1 0.020805 0.020493 0.020433 0.020719
-6.000e-5 1 0.018994 0.019211 0.019136 0.018918
-5.500e-5 1 0.017476 0.017343 0.017307 0.017535
-5.000e-5 1 0.015772 0.015980 0.015843 0.015723
-4.500e-5 1 0.014247 0.014321 0.014245 0.014346
-4.000e-5 1 0.012784 0.012638 0.012796 0.012804
-3.500e-5 1 0.011103 0.011192 0.011153 0.011202
-3.000e-5 1 0.009559 0.009544 0.009466 0.009570
-2.500e-5 1 0.007885 0.007967 0.007980 0.007855
-2.000e-5 1 0.006290 0.006368 0.006299 0.006339
-1.500e-5 1 0.004741 0.004713 0.004771 0.004804
-1.000e-5 1 0.003158 0.003183 0.003143 0.003170
-5.000e-6 1 0.001582 0.001597 0.001589 0.001593
0.000 1 0.000000 0.000000 0.000000 0.000000
5.000e-6 1 0.000000 0.000000 0.000000 0.000000
1.000e-5 1 0.000000 0.000000 0.000000 0.000000
1.500e-5 1 0.000000 0.000000 0.000000 0.000000
2.000e-5 1 0.000000 0.000000 0.000000 0.000000
2.500e-5 1 0.000000 0.000000 0.000000 0.000000
3.000e-5 1 0.000000 0.000000 0.000000 0.000000
3.500e-5 1 0.000000 0.000000 0.000000 0.000000
4.000e-5 1 0.000000 0.000000 0.000000 0.000000
4.500e-5 1 0.000000 0.000000 0.000000 0.000000
5.000e-5 1 0.000000 0.000000 0.000000 0.000000
5.500e-5 1 0.000000 0.000000 0.000000 0.000000
6.000e-5 1 0.000000 0.000000 0.000000 0.000000
6.500e-5 1 0.000000 0.000000 0.000000 0.000000
7.000e-5 1 0.000000 0.000000 0.000000 0.000000
7.500e-5 1 0.000000 0.000000 0.000000 0.000000
8.000e-5 1 0.000000 0.000000 0.000000 0.000000
8.500e-5 1 0.000000 0.000000 0.000000 0.000000
9.000e-5 1 0.000000 0.000000 0.000000 0.000000
9.500e-5 1 0.000000 0.000000 0.000000 0.000000
1.000e-4 1 0.000000 0.000000 0.000000 0.000000
1.500e-4 1 0.000000 0.000000 0.000000 0.000000
2.000e-4 1 0.000000 0.000000 0.000000 0.000000
2.500e-4 1 0.000000 0.000000 0.000000 0.000000
3.000e-4 1 0.000000 0.000000 0.000000 0.000000
3.500e-4 1 0.000000 0.000000 0.000000 0.000000
4.000e-4 1 0.000000 0.000000 0.000000 0.000000
4.500e-4 1 0.000000 0.000000 0.000000 0.000000
5.000e-4 1 0.000000 0.000000 0.000000 0.000000
5.500e-4 1 0.000000 0.000000 0.000000 0.000000
6.000e-4 1 0.000000 0.000000 0.000000 0.000000
6.500e-4 1 0.000000 0.000000 0.000000 0.000000
7.000e-4 1 0.000000 0.000000 0.000000 0.000000
7.500e-4 1 0.000000 0.000000 0.000000 0.000000
8.000e-4 1 0.000000 0.000000 0.000000 0.000000
8.500e-4 1 0.000000 0.000000 0.000000 0.000000
9.000e-4 1 0.000000 0.000000 0.000000 0.000000
9.500e-4 1 0.000000 0.000000 0.000000 0.000000
1.000e-3 1 0.000000 0.000000 0.000000 0.000000
1.500e-3 1 0.000000 0.000000 0.000000 0.000000
2.000e-3 1 0.000000 0.000000 0.000000 0.000000
2.500e-3 1 0.000000 0.000000 0.000000 0.000000
3.000e-3 1 0.000000 0.000000 0.000000 0.000000
3.500e-3 1 0.000000 0.000000 0.000000 0.000000
4.000e-3 1 0.000000 0.000000 0.000000 0.000000
4.500e-3 1 0.000000 0.000000 0.000000 0.000000
5.000e-3 1 0.000000 0.000000 0.000000 0.000000
5.500e-3 1 0.000000 0.000000 0.000000 0.000000
6.000e-3 1 0.000000 0.000000 0.000000 0.000000
6.500e-3 1 0.000000 0.000000 0.000000 0.000000
7.000e-3 1 0.000000 0.000000 0.000000 0.000000
7.500e-3 1 0.000000 0.000000 0.000000 0.000000
8.000e-3 1 0.000000 0.000000 0.000000 0.000000
8.500e-3 1 0.000000 0.000000 0.000000 0.000000
9.000e-3 1 0.000000 0.000000 0.000000 0.000000
9.500e-3 1 0.000000 0.000000 0.000000 0.000000
1.000e-2 1 0.000000 0.000000 0.000000 0.000000
1.050e-2 1 0.000000 0.000000 0.000000 0.000000
