-1.050e-2 1 0.000000
-1.000e-2 1 0.000000
-9.500e-3 1 0.156434
-9.000e-3 1 0.309017
-8.500e-3 1 0.453990
-8.000e-3 1 0.587785
-7.500e-3 1 0.707107
-7.000e-3 1 0.809017
-6.500e-3 1 0.891007
-6.000e-3 1 0.951057
-5.500e-3 1 0.987688
-5.000e-3 1 1.000000
-4.500e-3 1 0.987688
-4.000e-3 1 0.951057
-3.500e-3 1 0.891007
-3.000e-3 1 0.809017
-2.500e-3 1 0.707107
-2.000e-3 1 0.587785
-1.500e-3 1 0.453990
-1.000e-3 1 0.309017
-9.500e-4 1 0.294040
-9.000e-4 1 0.278991
-8.500e-4 1 0.263873
-8.000e-4 1 0.248690
-7.500e-4 1 0.233445
-7.000e-4 1 0.218143
-6.500e-4 1 0.202787
-6.000e-4 1 0.187381
-5.500e-4 1 0.171929
-5.000e-4 1 0.156434
-4.500e-4 1 0.140901
-4.000e-4 1 0.125333
-3.500e-4 1 0.109734
-3.000e-4 1 0.094108
-2.500e-4 1 0.078459
-2.000e-4 1 0.062791
-1.500e-4 1 0.047106
-1.000e-4 1 0.031411
-9.500e-5 1 0.029841
-9.000e-5 1 0.028271
-8.500e-5 1 0.026700
-8.000e-5 1 0.025130
-7.500e-5 1 0.023560
-7.000e-5 1 0.021989
-6.500e-5 1 0.020419
-6.000e-5 1 0.018848
-5.500e-5 1 0.017278
-5.000e-5 1 0.015707
-4.500e-5 1 0.014137
-4.000e-5 1 0.012566
-3.500e-5 1 0.010995
-3.000e-5 1 0.009425
-2.500e-5 1 0.007854
-2.000e-5 1 0.006283
-1.500e-5 1 0.004712
-1.000e-5 1 0.003142
-5.000e-6 1 0.001571
0.        1 0.000000
1.000e-4 20 0.000000
1.000e-3 18 0.000000
1.050e-2 19 0.000000
