1 1 1 1  4.200965e-10 2.101483e-11
1 1 2 1  2.416768e-10 1.209384e-11
1 1 3 1  8.954767e-11 4.487384e-12
1 1 4 1  2.798233e-11 1.409117e-12
1 1 5 1  7.933004e-12 4.066502e-13
1 1 6 1  2.036882e-12 1.118441e-13
1 1 7 1  1.374176e-12 7.870880e-14
1 1 8 1  4.254177e-13 3.127089e-14
1 1 9 1  1.245024e-13 1.622512e-14
1 1 10 1  3.078900e-14 1.153945e-14
1 1 11 1  7.131414e-15 1.035657e-14
2 2 1 1  4.473476e-10 2.237738e-11
2 2 2 1  2.599071e-10 1.300536e-11
2 2 3 1  9.845782e-11 4.932891e-12
2 2 4 1  3.110472e-11 1.565236e-12
2 2 5 1  8.642200e-12 4.421100e-13
2 2 6 1  2.124950e-12 1.162475e-13
2 2 7 1  1.429268e-12 8.146340e-14
2 2 8 1  4.339113e-13 3.169557e-14
2 2 9 1  1.254789e-13 1.627394e-14
2 2 10 1  3.085286e-14 1.154264e-14
2 2 11 1  7.135574e-15 1.035678e-14
3 3 1 1  4.815639e-10 2.408820e-11
3 3 2 1  2.825884e-10 1.413942e-11
3 3 3 1  1.092872e-10 5.474360e-12
3 3 4 1  3.470911e-11 1.745455e-12
3 3 5 1  9.383159e-12 4.791579e-13
3 3 6 1  2.202198e-12 1.201099e-13
3 3 7 1  1.477232e-12 8.386160e-14
3 3 8 1  4.405569e-13 3.202785e-14
3 3 9 1  1.261725e-13 1.630863e-14
3 3 10 1  3.090058e-14 1.154503e-14
3 3 11 1  7.139930e-15 1.035700e-14
4 4 1 1  5.195115e-10 2.598557e-11
4 4 2 1  3.084911e-10 1.543455e-11
4 4 3 1  1.220846e-10 6.114230e-12
4 4 4 1  3.888795e-11 1.954398e-12
4 4 5 1  1.017864e-11 5.189320e-13
4 4 6 1  2.271460e-12 1.235730e-13
4 4 7 1  1.519801e-12 8.599005e-14
4 4 8 1  4.455325e-13 3.227663e-14
4 4 9 1  1.265776e-13 1.632888e-14
4 4 10 1  3.092786e-14 1.154639e-14
4 4 11 1  7.143993e-15 1.035720e-14
5 5 1 1  5.427322e-10 2.714661e-11
5 5 2 1  3.245934e-10 1.623967e-11
5 5 3 1  1.300815e-10 6.514075e-12
5 5 4 1  4.132133e-11 2.076067e-12
5 5 5 1  1.055052e-11 5.375260e-13
5 5 6 1  2.282061e-12 1.241031e-13
5 5 7 1  1.525442e-12 8.627210e-14
5 5 8 1  4.443277e-13 3.221639e-14
5 5 9 1  1.261828e-13 1.630914e-14
5 5 10 1  3.089261e-14 1.154463e-14
5 5 11 1  7.143808e-15 1.035719e-14
6 6 1 1  5.442462e-10 2.722231e-11
6 6 2 1  3.253286e-10 1.627643e-11
6 6 3 1  1.300388e-10 6.511940e-12
6 6 4 1  4.096778e-11 2.058389e-12
6 6 5 1  1.032442e-11 5.262210e-13
6 6 6 1  2.220877e-12 1.210439e-13
6 6 7 1  1.486067e-12 8.430335e-14
6 6 8 1  4.359467e-13 3.179734e-14
6 6 9 1  1.248622e-13 1.624311e-14
6 6 10 1  3.077501e-14 1.153875e-14
6 6 11 1  7.136454e-15 1.035682e-14
7 7 1 1  5.236885e-10 2.619443e-11
7 7 2 1  3.101802e-10 1.551901e-11
7 7 3 1  1.214742e-10 6.083710e-12
7 7 4 1  3.758462e-11 1.889231e-12
7 7 5 1  9.426010e-12 4.813005e-13
7 7 6 1  2.074700e-12 1.137350e-13
7 7 7 1  1.393250e-12 7.966250e-14
7 7 8 1  4.187431e-13 3.093715e-14
7 7 9 1  1.223585e-13 1.611792e-14
7 7 10 1  3.054995e-14 1.152750e-14
7 7 11 1  7.120055e-15 1.035600e-14
8 8 1 1  4.857358e-10 2.429679e-11
8 8 2 1  2.832222e-10 1.417111e-11
8 8 3 1  1.070841e-10 5.364205e-12
8 8 4 1  3.227142e-11 1.623571e-12
8 8 5 1  8.161473e-12 4.180736e-13
8 8 6 1  1.899463e-12 1.049732e-13
8 8 7 1  1.282660e-12 7.413300e-14
8 8 8 1  3.996474e-13 2.998237e-14
8 8 9 1  1.197187e-13 1.598593e-14
8 8 10 1  3.031505e-14 1.151575e-14
8 8 11 1  7.101923e-15 1.035510e-14
9 9 1 1  4.500441e-10 2.251220e-11
9 9 2 1  2.588861e-10 1.295431e-11
9 9 3 1  9.486139e-11 4.753070e-12
9 9 4 1  2.797329e-11 1.408665e-12
9 9 5 1  7.204084e-12 3.702042e-13
9 9 6 1  1.779466e-12 9.897330e-14
9 9 7 1  1.207204e-12 7.036020e-14
9 9 8 1  3.871856e-13 2.935928e-14
9 9 9 1  1.180507e-13 1.590254e-14
9 9 10 1  3.016672e-14 1.150834e-14
9 9 11 1  7.089821e-15 1.035449e-14
10 10 1 1  4.229058e-10 2.115529e-11
10 10 2 1  2.405560e-10 1.203780e-11
10 10 3 1  8.581441e-11 4.300721e-12
10 10 4 1  2.486226e-11 1.253113e-12
10 10 5 1  6.535793e-12 3.367897e-13
10 10 6 1  1.700524e-12 9.502620e-14
10 10 7 1  1.157697e-12 6.788485e-14
10 10 8 1  3.792848e-13 2.896424e-14
10 10 9 1  1.170348e-13 1.585174e-14
10 10 10 1  3.007970e-14 1.150399e-14
10 10 11 1  7.082550e-15 1.035413e-14
11 11 1 1  4.501997e-10 2.251999e-11
11 11 2 1  2.612081e-10 1.307040e-11
11 11 3 1  9.866237e-11 4.943118e-12
11 11 4 1  3.114195e-11 1.567098e-12
11 11 5 1  8.668960e-12 4.434480e-13
11 11 6 1  2.131605e-12 1.165803e-13
11 11 7 1  1.433458e-12 8.167290e-14
11 11 8 1  4.346103e-13 3.173052e-14
11 11 9 1  1.255389e-13 1.627695e-14
11 11 10 1  3.084876e-14 1.154244e-14
11 11 11 1  7.134278e-15 1.035671e-14
12 12 1 1  5.036525e-10 2.519262e-11
12 12 2 1  2.950413e-10 1.476206e-11
12 12 3 1  1.137244e-10 5.696220e-12
12 12 4 1  3.603658e-11 1.811829e-12
12 12 5 1  9.655666e-12 4.927833e-13
12 12 6 1  2.223742e-12 1.211871e-13
12 12 7 1  1.490124e-12 8.450620e-14
12 12 8 1  4.413104e-13 3.206552e-14
12 12 9 1  1.259956e-13 1.629978e-14
12 12 10 1  3.084631e-14 1.154232e-14
12 12 11 1  7.132943e-15 1.035665e-14
13 13 1 1  5.782588e-10 2.892294e-11
13 13 2 1  3.424640e-10 1.713320e-11
13 13 3 1  1.347903e-10 6.749515e-12
13 13 4 1  4.257370e-11 2.138685e-12
13 13 5 1  1.081514e-11 5.507570e-13
13 13 6 1  2.298762e-12 1.249381e-13
13 13 7 1  1.535137e-12 8.675685e-14
13 13 8 1  4.442327e-13 3.221164e-14
13 13 9 1  1.258032e-13 1.629016e-14
13 13 10 1  3.079774e-14 1.153989e-14
13 13 11 1  7.130708e-15 1.035654e-14
14 14 1 1  6.570867e-10 3.286434e-11
14 14 2 1  3.933456e-10 1.967728e-11
14 14 3 1  1.579187e-10 7.905935e-12
14 14 4 1  4.981186e-11 2.500593e-12
14 14 5 1  1.212349e-11 6.161745e-13
14 14 6 1  2.389873e-12 1.294936e-13
14 14 7 1  1.590012e-12 8.950060e-14
14 14 8 1  4.482512e-13 3.241256e-14
14 14 9 1  1.256966e-13 1.628483e-14
14 14 10 1  3.076238e-14 1.153812e-14
14 14 11 1  7.131087e-15 1.035655e-14
15 15 1 1  6.969101e-10 3.485550e-11
15 15 2 1  4.195223e-10 2.098611e-11
15 15 3 1  1.700300e-10 8.511500e-12
15 15 4 1  5.350411e-11 2.685206e-12
15 15 5 1  1.275765e-11 6.478825e-13
15 15 6 1  2.429626e-12 1.314813e-13
15 15 7 1  1.613792e-12 9.068960e-14
15 15 8 1  4.496407e-13 3.248204e-14
15 15 9 1  1.256005e-13 1.628002e-14
15 15 10 1  3.075403e-14 1.153770e-14
15 15 11 1  7.133533e-15 1.035668e-14
16 16 1 1  6.970208e-10 3.486104e-11
16 16 2 1  4.194475e-10 2.098237e-11
16 16 3 1  1.697131e-10 8.495655e-12
16 16 4 1  5.311533e-11 2.665767e-12
16 16 5 1  1.255132e-11 6.375660e-13
16 16 6 1  2.379558e-12 1.289779e-13
16 16 7 1  1.581788e-12 8.908940e-14
16 16 8 1  4.432731e-13 3.216366e-14
16 16 9 1  1.246808e-13 1.623404e-14
16 16 10 1  3.068299e-14 1.153415e-14
16 16 11 1  7.129905e-15 1.035650e-14
17 17 1 1  6.567243e-10 3.284622e-11
17 17 2 1  3.919385e-10 1.960692e-11
17 17 3 1  1.557423e-10 7.797115e-12
17 17 4 1  4.797320e-11 2.408660e-12
17 17 5 1  1.129417e-11 5.747085e-13
17 17 6 1  2.205017e-12 1.202509e-13
17 17 7 1  1.472009e-12 8.360045e-14
17 17 8 1  4.251004e-13 3.125502e-14
17 17 9 1  1.223447e-13 1.611724e-14
17 17 10 1  3.049577e-14 1.152479e-14
17 17 11 1  7.116468e-15 1.035582e-14
18 18 1 1  5.714726e-10 2.858363e-11
18 18 2 1  3.346624e-10 1.674312e-11
18 18 3 1  1.274134e-10 6.380670e-12
18 18 4 1  3.792476e-11 1.906238e-12
18 18 5 1  9.055663e-12 4.627831e-13
18 18 6 1  1.946273e-12 1.073136e-13
18 18 7 1  1.310514e-12 7.552570e-14
18 18 8 1  4.009526e-13 3.004763e-14
18 18 9 1  1.195148e-13 1.597574e-14
18 18 10 1  3.027795e-14 1.151390e-14
18 18 11 1  7.099616e-15 1.035498e-14
19 19 1 1  4.882444e-10 2.442222e-11
19 19 2 1  2.803499e-10 1.402750e-11
19 19 3 1  1.019922e-10 5.109610e-12
19 19 4 1  2.950094e-11 1.485047e-12
19 19 5 1  7.359536e-12 3.779768e-13
19 19 6 1  1.776983e-12 9.884915e-14
19 19 7 1  1.205352e-12 7.026760e-14
19 19 8 1  3.862767e-13 2.931384e-14
19 19 9 1  1.178989e-13 1.589495e-14
19 19 10 1  3.015569e-14 1.150778e-14
19 19 11 1  7.089301e-15 1.035447e-14
20 20 1 1  4.373555e-10 2.187777e-11
20 20 2 1  2.478109e-10 1.240055e-11
20 20 3 1  8.736454e-11 4.378227e-12
20 20 4 1  2.487544e-11 1.253772e-12
20 20 5 1  6.481860e-12 3.340930e-13
20 20 6 1  1.696377e-12 9.481885e-14
20 20 7 1  1.155468e-12 6.777340e-14
20 20 8 1  3.797122e-13 2.898561e-14
20 20 9 1  1.172466e-13 1.586233e-14
20 20 10 1  3.011344e-14 1.150567e-14
20 20 11 1  7.085534e-15 1.035428e-14
21 21 1 1  4.931049e-10 2.466524e-11
21 21 2 1  2.886351e-10 1.444176e-11
21 21 3 1  1.110630e-10 5.563150e-12
21 21 4 1  3.520058e-11 1.770029e-12
21 21 5 1  9.500971e-12 4.850485e-13
21 21 6 1  2.214946e-12 1.207473e-13
21 21 7 1  1.485003e-12 8.425015e-14
21 21 8 1  4.413233e-13 3.206617e-14
21 21 9 1  1.261444e-13 1.630722e-14
21 21 10 1  3.087621e-14 1.154381e-14
21 21 11 1  7.136211e-15 1.035681e-14
22 22 1 1  5.854262e-10 2.928131e-11
22 22 2 1  3.472706e-10 1.737353e-11
22 22 3 1  1.369214e-10 6.856070e-12
22 22 4 1  4.292651e-11 2.156326e-12
22 22 5 1  1.068934e-11 5.444670e-13
22 22 6 1  2.244049e-12 1.222025e-13
22 22 7 1  1.499992e-12 8.499960e-14
22 22 8 1  4.368855e-13 3.184428e-14
22 22 9 1  1.246633e-13 1.623317e-14
22 22 10 1  3.068760e-14 1.153438e-14
22 22 11 1  7.121864e-15 1.035609e-14
23 23 1 1  7.473766e-10 3.737883e-11
23 23 2 1  4.495173e-10 2.248586e-11
23 23 3 1  1.805186e-10 9.035930e-12
23 23 4 1  5.444296e-11 2.732148e-12
23 23 5 1  1.191389e-11 6.056945e-13
23 23 6 1  2.169476e-12 1.184738e-13
23 23 7 1  1.448507e-12 8.242535e-14
23 23 8 1  4.188208e-13 3.094104e-14
23 23 9 1  1.213110e-13 1.606555e-14
23 23 10 1  3.037164e-14 1.151858e-14
23 23 11 1  7.102372e-15 1.035512e-14
24 24 1 1  8.449609e-10 4.225805e-11
24 24 2 1  5.124630e-10 2.563315e-11
24 24 3 1  2.086372e-10 1.044186e-11
24 24 4 1  6.254882e-11 3.137441e-12
24 24 5 1  1.313239e-11 6.666195e-13
24 24 6 1  2.226613e-12 1.213307e-13
24 24 7 1  1.481996e-12 8.409980e-14
24 24 8 1  4.192607e-13 3.096304e-14
24 24 9 1  1.207484e-13 1.603742e-14
24 24 10 1  3.029871e-14 1.151494e-14
24 24 11 1  7.099994e-15 1.035500e-14
25 25 1 1  8.658578e-10 4.330289e-11
25 25 2 1  5.256817e-10 2.629408e-11
25 25 3 1  2.142743e-10 1.072372e-11
25 25 4 1  6.412509e-11 3.216255e-12
25 25 5 1  1.345663e-11 6.828315e-13
25 25 6 1  2.286609e-12 1.243305e-13
25 25 7 1  1.520458e-12 8.602290e-14
25 25 8 1  4.271531e-13 3.135766e-14
25 25 9 1  1.220338e-13 1.610169e-14
25 25 10 1  3.043868e-14 1.152193e-14
25 25 11 1  7.112900e-15 1.035564e-14
26 26 1 1  8.549555e-10 4.275778e-11
26 26 2 1  5.184864e-10 2.593432e-11
26 26 3 1  2.107126e-10 1.054563e-11
26 26 4 1  6.275018e-11 3.147509e-12
26 26 5 1  1.313536e-11 6.667680e-13
26 26 6 1  2.261607e-12 1.230804e-13
26 26 7 1  1.505694e-12 8.528470e-14
26 26 8 1  4.267214e-13 3.133607e-14
26 26 9 1  1.223369e-13 1.611684e-14
26 26 10 1  3.050276e-14 1.152514e-14
26 26 11 1  7.119297e-15 1.035596e-14
27 27 1 1  8.111079e-10 4.056539e-11
27 27 2 1  4.887595e-10 2.444798e-11
27 27 3 1  1.958381e-10 9.801905e-12
27 27 4 1  5.753385e-11 2.886693e-12
27 27 5 1  1.205341e-11 6.126705e-13
27 27 6 1  2.159013e-12 1.179506e-13
27 27 7 1  1.442519e-12 8.212595e-14
27 27 8 1  4.190871e-13 3.095436e-14
27 27 9 1  1.217555e-13 1.608778e-14
27 27 10 1  3.048800e-14 1.152440e-14
27 27 11 1  7.118464e-15 1.035592e-14
28 28 1 1  6.844571e-10 3.423286e-11
28 28 2 1  4.032361e-10 2.017180e-11
28 28 3 1  1.539100e-10 7.705500e-12
28 28 4 1  4.379932e-11 2.199966e-12
28 28 5 1  9.544531e-12 4.872265e-13
28 28 6 1  1.952685e-12 1.076343e-13
28 28 7 1  1.315331e-12 7.576655e-14
28 28 8 1  4.034086e-13 3.017043e-14
28 28 9 1  1.203014e-13 1.601507e-14
28 28 10 1  3.039669e-14 1.151983e-14
28 28 11 1  7.110348e-15 1.035552e-14
29 29 1 1  5.146164e-10 2.574082e-11
29 29 2 1  2.953050e-10 1.477525e-11
29 29 3 1  1.068717e-10 5.353585e-12
29 29 4 1  3.031137e-11 1.525569e-12
29 29 5 1  7.404420e-12 3.802210e-13
29 29 6 1  1.798646e-12 9.993230e-14
29 29 7 1  1.220411e-12 7.102055e-14
29 29 8 1  3.917756e-13 2.958878e-14
29 29 9 1  1.191504e-13 1.595752e-14
29 29 10 1  3.031003e-14 1.151550e-14
29 29 11 1  7.101921e-15 1.035510e-14
30 30 1 1  4.424119e-10 2.213059e-11
30 30 2 1  2.496161e-10 1.249081e-11
30 30 3 1  8.706863e-11 4.363432e-12
30 30 4 1  2.461265e-11 1.240633e-12
30 30 5 1  6.481638e-12 3.340819e-13
30 30 6 1  1.726436e-12 9.632180e-14
30 30 7 1  1.175724e-12 6.878620e-14
30 30 8 1  3.858956e-13 2.929478e-14
30 30 9 1  1.185334e-13 1.592667e-14
30 30 10 1  3.026584e-14 1.151329e-14
30 30 11 1  7.097947e-15 1.035490e-14
31 31 1 1  5.596880e-10 2.799440e-11
31 31 2 1  3.315166e-10 1.658583e-11
31 31 3 1  1.305517e-10 6.537585e-12
31 31 4 1  4.140524e-11 2.080262e-12
31 31 5 1  1.068294e-11 5.441470e-13
31 31 6 1  2.314238e-12 1.257119e-13
31 31 7 1  1.545786e-12 8.728930e-14
31 31 8 1  4.479083e-13 3.239541e-14
31 31 9 1  1.265647e-13 1.632824e-14
31 31 10 1  3.088970e-14 1.154449e-14
31 31 11 1  7.138969e-15 1.035695e-14
32 32 1 1  7.208973e-10 3.605487e-11
32 32 2 1  4.337044e-10 2.169522e-11
32 32 3 1  1.748914e-10 8.754570e-12
32 32 4 1  5.373082e-11 2.696541e-12
32 32 5 1  1.216549e-11 6.182745e-13
32 32 6 1  2.251626e-12 1.225813e-13
32 32 7 1  1.500425e-12 8.502125e-14
32 32 8 1  4.279277e-13 3.139639e-14
32 32 9 1  1.224571e-13 1.612286e-14
32 32 10 1  3.045897e-14 1.152295e-14
32 32 11 1  7.108673e-15 1.035543e-14
33 33 1 1  1.006656e-09 5.034280e-11
33 33 2 1  6.147590e-10 3.074795e-11
33 33 3 1  2.522801e-10 1.262401e-11
33 33 4 1  7.400236e-11 3.710118e-12
33 33 5 1  1.443930e-11 7.319650e-13
33 33 6 1  2.239826e-12 1.219913e-13
33 33 7 1  1.489279e-12 8.446395e-14
33 33 8 1  4.183494e-13 3.091747e-14
33 33 9 1  1.206449e-13 1.603225e-14
33 33 10 1  3.029670e-14 1.151484e-14
33 33 11 1  7.099120e-15 1.035496e-14
34 34 1 1  1.036714e-09 5.184570e-11
34 34 2 1  6.465553e-10 3.233777e-11
34 34 3 1  2.802242e-10 1.402121e-11
34 34 4 1  9.054196e-11 4.537098e-12
34 34 5 1  2.034523e-11 1.027261e-12
34 34 6 1  3.337846e-12 1.768923e-13
34 34 7 1  2.186019e-12 1.193009e-13
34 34 8 1  5.464752e-13 3.732376e-14
34 34 9 1  1.385523e-13 1.692762e-14
34 34 10 1  3.177669e-14 1.158883e-14
34 34 11 1  7.197287e-15 1.035986e-14
35 35 1 1  9.626641e-10 4.814321e-11
35 35 2 1  6.010251e-10 3.006126e-11
35 35 3 1  2.619399e-10 1.310700e-11
35 35 4 1  8.643079e-11 4.331540e-12
35 35 5 1  2.046967e-11 1.033484e-12
35 35 6 1  3.606890e-12 1.903445e-13
35 35 7 1  2.362571e-12 1.281286e-13
35 35 8 1  5.910233e-13 3.955117e-14
35 35 9 1  1.464532e-13 1.732266e-14
35 35 10 1  3.258563e-14 1.162928e-14
35 35 11 1  7.258200e-15 1.036291e-14
36 36 1 1  8.899986e-10 4.450993e-11
36 36 2 1  5.520670e-10 2.761335e-11
36 36 3 1  2.372005e-10 1.187003e-11
36 36 4 1  7.702326e-11 3.861163e-12
36 36 5 1  1.815745e-11 9.178725e-13
36 36 6 1  3.316908e-12 1.758454e-13
36 36 7 1  2.181752e-12 1.190876e-13
36 36 8 1  5.643779e-13 3.821889e-14
36 36 9 1  1.436870e-13 1.718435e-14
36 36 10 1  3.245462e-14 1.162273e-14
36 36 11 1  7.254574e-15 1.036273e-14
37 37 1 1  8.214952e-10 4.108476e-11
37 37 2 1  5.016547e-10 2.509273e-11
37 37 3 1  2.082432e-10 1.042216e-11
37 37 4 1  6.513737e-11 3.266869e-12
37 37 5 1  1.504949e-11 7.624745e-13
37 37 6 1  2.864578e-12 1.532289e-13
37 37 7 1  1.896723e-12 1.048362e-13
37 37 8 1  5.160887e-13 3.580444e-14
37 37 9 1  1.374649e-13 1.687325e-14
37 37 10 1  3.199101e-14 1.159955e-14
37 37 11 1  7.226088e-15 1.036130e-14
38 38 1 1  6.906267e-10 3.454134e-11
38 38 2 1  4.091360e-10 2.046680e-11
38 38 3 1  1.590493e-10 7.962465e-12
38 38 4 1  4.731543e-11 2.375772e-12
38 38 5 1  1.115228e-11 5.676140e-13
38 38 6 1  2.376377e-12 1.288189e-13
38 38 7 1  1.589263e-12 8.946315e-14
38 38 8 1  4.643347e-13 3.321674e-14
38 38 9 1  1.305607e-13 1.652804e-14
38 38 10 1  3.142412e-14 1.157121e-14
38 38 11 1  7.186710e-15 1.035934e-14
39 39 1 1  5.092701e-10 2.547350e-11
39 39 2 1  2.928526e-10 1.465263e-11
39 39 3 1  1.071637e-10 5.368185e-12
39 39 4 1  3.160419e-11 1.590210e-12
39 39 5 1  8.245172e-12 4.222586e-13
39 39 6 1  2.046846e-12 1.123423e-13
39 39 7 1  1.381453e-12 7.907265e-14
39 39 8 1  4.287617e-13 3.143809e-14
39 39 9 1  1.255828e-13 1.627914e-14
39 39 10 1  3.097980e-14 1.154899e-14
39 39 11 1  7.153296e-15 1.035766e-14
40 40 1 1  4.384836e-10 2.193418e-11
40 40 2 1  2.473509e-10 1.237755e-11
40 40 3 1  8.654178e-11 4.337089e-12
40 40 4 1  2.500342e-11 1.260171e-12
40 40 5 1  6.866023e-12 3.533012e-13
40 40 6 1  1.856026e-12 1.028013e-13
40 40 7 1  1.260265e-12 7.301325e-14
40 40 8 1  4.062457e-13 3.031229e-14
40 40 9 1  1.222340e-13 1.611170e-14
40 40 10 1  3.067017e-14 1.153351e-14
40 40 11 1  7.130059e-15 1.035650e-14
41 41 1 1  6.133974e-10 3.067987e-11
41 41 2 1  3.667537e-10 1.834768e-11
41 41 3 1  1.469137e-10 7.355685e-12
41 41 4 1  4.653088e-11 2.336544e-12
41 41 5 1  1.161888e-11 5.909440e-13
41 41 6 1  2.385697e-12 1.292849e-13
41 41 7 1  1.589244e-12 8.946220e-14
41 41 8 1  4.520075e-13 3.260038e-14
41 41 9 1  1.267421e-13 1.633711e-14
41 41 10 1  3.089712e-14 1.154486e-14
41 41 11 1  7.142433e-15 1.035712e-14
42 42 1 1  7.893956e-10 3.947978e-11
42 42 2 1  4.776843e-10 2.389421e-11
42 42 3 1  1.945701e-10 9.738505e-12
42 42 4 1  5.968865e-11 2.994433e-12
42 42 5 1  1.321349e-11 6.706745e-13
42 42 6 1  2.330384e-12 1.265192e-13
42 42 7 1  1.548202e-12 8.741010e-14
42 42 8 1  4.321701e-13 3.160851e-14
42 42 9 1  1.225560e-13 1.612780e-14
42 42 10 1  3.045371e-14 1.152269e-14
42 42 11 1  7.111436e-15 1.035557e-14
43 43 1 1  1.016093e-09 5.081465e-11
43 43 2 1  6.231496e-10 3.116748e-11
43 43 3 1  2.588746e-10 1.295373e-11
43 43 4 1  7.815048e-11 3.917524e-12
43 43 5 1  1.624067e-11 8.220335e-13
43 43 6 1  2.657154e-12 1.428577e-13
43 43 7 1  1.755884e-12 9.779420e-14
43 43 8 1  4.710836e-13 3.355418e-14
43 43 9 1  1.284690e-13 1.642345e-14
43 43 10 1  3.098650e-14 1.154933e-14
43 43 11 1  7.147726e-15 1.035739e-14
44 44 1 1  9.904473e-10 4.953237e-11
44 44 2 1  6.311576e-10 3.156788e-11
44 44 3 1  2.901706e-10 1.451853e-11
44 44 4 1  1.047387e-10 5.246935e-12
44 44 5 1  2.731544e-11 1.375772e-12
44 44 6 1  4.866629e-12 2.533315e-13
44 44 7 1  3.161147e-12 1.680574e-13
44 44 8 1  7.362646e-13 4.681323e-14
44 44 9 1  1.666093e-13 1.833047e-14
44 44 10 1  3.424637e-14 1.171232e-14
44 44 11 1  7.367718e-15 1.036839e-14
45 45 1 1  8.704132e-10 4.353066e-11
45 45 2 1  5.601048e-10 2.801524e-11
45 45 3 1  2.642122e-10 1.322061e-11
45 45 4 1  1.000247e-10 5.011235e-12
45 45 5 1  2.795192e-11 1.407596e-12
45 45 6 1  5.314855e-12 2.757428e-13
45 45 7 1  3.453681e-12 1.826841e-13
45 45 8 1  8.068870e-13 5.034435e-14
45 45 9 1  1.789494e-13 1.894747e-14
45 45 10 1  3.550870e-14 1.177543e-14
45 45 11 1  7.462909e-15 1.037315e-14
46 46 1 1  7.408405e-10 3.705203e-11
46 46 2 1  4.740779e-10 2.371390e-11
46 46 3 1  2.218437e-10 1.110219e-11
46 46 4 1  8.413343e-11 4.216672e-12
46 46 5 1  2.391826e-11 1.205913e-12
46 46 6 1  4.739166e-12 2.469583e-13
46 46 7 1  3.091597e-12 1.645799e-13
46 46 8 1  7.469625e-13 4.734813e-14
46 46 9 1  1.715132e-13 1.857566e-14
46 46 10 1  3.499286e-14 1.174964e-14
46 46 11 1  7.434191e-15 1.037171e-14
47 47 1 1  6.367480e-10 3.184740e-11
47 47 2 1  3.958988e-10 1.980494e-11
47 47 3 1  1.756766e-10 8.793830e-12
47 47 4 1  6.452348e-11 3.236174e-12
47 47 5 1  1.837927e-11 9.289635e-13
47 47 6 1  3.830063e-12 2.015032e-13
47 47 7 1  2.515819e-12 1.357910e-13
47 47 8 1  6.433229e-13 4.216615e-14
47 47 9 1  1.572461e-13 1.786231e-14
47 47 10 1  3.383572e-14 1.169179e-14
47 47 11 1  7.358718e-15 1.036794e-14
48 48 1 1  5.466993e-10 2.734496e-11
48 48 2 1  3.261844e-10 1.631922e-11
48 48 3 1  1.325100e-10 6.635500e-12
48 48 4 1  4.548194e-11 2.284097e-12
48 48 5 1  1.296574e-11 6.582870e-13
48 48 6 1  2.946494e-12 1.573247e-13
48 48 7 1  1.955844e-12 1.077922e-13
48 48 8 1  5.417453e-13 3.708727e-14
48 48 9 1  1.429724e-13 1.714862e-14
48 48 10 1  3.262554e-14 1.163128e-14
48 48 11 1  7.275483e-15 1.036377e-14
49 49 1 1  4.722701e-10 2.362350e-11
49 49 2 1  2.729100e-10 1.365550e-11
49 49 3 1  1.025894e-10 5.139470e-12
49 49 4 1  3.292989e-11 1.656494e-12
49 49 5 1  9.515970e-12 4.857985e-13
49 49 6 1  2.389249e-12 1.294625e-13
49 49 7 1  1.602151e-12 9.010755e-14
49 49 8 1  4.764765e-13 3.382383e-14
49 49 9 1  1.335236e-13 1.667618e-14
49 49 10 1  3.178607e-14 1.158930e-14
49 49 11 1  7.215138e-15 1.036076e-14
50 50 1 1  4.295750e-10 2.148875e-11
50 50 2 1  2.434438e-10 1.218219e-11
50 50 3 1  8.666202e-11 4.343101e-12
50 50 4 1  2.609917e-11 1.314959e-12
50 50 5 1  7.513306e-12 3.856653e-13
50 50 6 1  2.033438e-12 1.116719e-13
50 50 7 1  1.375276e-12 7.876380e-14
50 50 8 1  4.324633e-13 3.162316e-14
50 50 9 1  1.268473e-13 1.634236e-14
50 50 10 1  3.116710e-14 1.155835e-14
50 50 11 1  7.169713e-15 1.035849e-14
51 51 1 1  6.305111e-10 3.153556e-11
51 51 2 1  3.784041e-10 1.893021e-11
51 51 3 1  1.524828e-10 7.634140e-12
51 51 4 1  4.810950e-11 2.415475e-12
51 51 5 1  1.181376e-11 6.006880e-13
51 51 6 1  2.376966e-12 1.288483e-13
51 51 7 1  1.582840e-12 8.914200e-14
51 51 8 1  4.490441e-13 3.245221e-14
51 51 9 1  1.261515e-13 1.630757e-14
51 51 10 1  3.084747e-14 1.154237e-14
51 51 11 1  7.140870e-15 1.035704e-14
52 52 1 1  8.003567e-10 4.002784e-11
52 52 2 1  4.850963e-10 2.426481e-11
52 52 3 1  1.980648e-10 9.913240e-12
52 52 4 1  6.067605e-11 3.043803e-12
52 52 5 1  1.336916e-11 6.784580e-13
52 52 6 1  2.346390e-12 1.273195e-13
52 52 7 1  1.558367e-12 8.791835e-14
52 52 8 1  4.340651e-13 3.170326e-14
52 52 9 1  1.228993e-13 1.614497e-14
52 52 10 1  3.050368e-14 1.152518e-14
52 52 11 1  7.117234e-15 1.035586e-14
53 53 1 1  9.754913e-10 4.878456e-11
53 53 2 1  5.966277e-10 2.984139e-11
53 53 3 1  2.462605e-10 1.232303e-11
53 53 4 1  7.380161e-11 3.700081e-12
53 53 5 1  1.542871e-11 7.814355e-13
53 53 6 1  2.633888e-12 1.416944e-13
53 53 7 1  1.744420e-12 9.722100e-14
53 53 8 1  4.758153e-13 3.379077e-14
53 53 9 1  1.301066e-13 1.650533e-14
53 53 10 1  3.121618e-14 1.156081e-14
53 53 11 1  7.167629e-15 1.035838e-14
54 54 1 1  8.694383e-10 4.348192e-11
54 54 2 1  5.549647e-10 2.775823e-11
54 54 3 1  2.565432e-10 1.283716e-11
54 54 4 1  9.395837e-11 4.707919e-12
54 54 5 1  2.528912e-11 1.274456e-12
54 54 6 1  4.735822e-12 2.467911e-13
54 54 7 1  3.083843e-12 1.641922e-13
54 54 8 1  7.338600e-13 4.669300e-14
54 54 9 1  1.679641e-13 1.839821e-14
54 54 10 1  3.452368e-14 1.172618e-14
54 54 11 1  7.394161e-15 1.036971e-14
55 55 1 1  7.373320e-10 3.687660e-11
55 55 2 1  4.771005e-10 2.386502e-11
55 55 3 1  2.281148e-10 1.141574e-11
55 55 4 1  8.843214e-11 4.431607e-12
55 55 5 1  2.570020e-11 1.295010e-12
55 55 6 1  5.144956e-12 2.672478e-13
55 55 7 1  3.351718e-12 1.775859e-13
55 55 8 1  8.002516e-13 5.001258e-14
55 55 9 1  1.797845e-13 1.898923e-14
55 55 10 1  3.575165e-14 1.178758e-14
55 55 11 1  7.487401e-15 1.037437e-14
56 56 1 1  6.123979e-10 3.062990e-11
56 56 2 1  3.946111e-10 1.974055e-11
56 56 3 1  1.878516e-10 9.402580e-12
56 56 4 1  7.339361e-11 3.679681e-12
56 56 5 1  2.187214e-11 1.103607e-12
56 56 6 1  4.593839e-12 2.396920e-13
56 56 7 1  3.004918e-12 1.602459e-13
56 56 8 1  7.424993e-13 4.712497e-14
56 56 9 1  1.725426e-13 1.862713e-14
56 56 10 1  3.523705e-14 1.176185e-14
56 56 11 1  7.457651e-15 1.037288e-14
57 57 1 1  5.221276e-10 2.611638e-11
57 57 2 1  3.257550e-10 1.629775e-11
57 57 3 1  1.465396e-10 7.336980e-12
57 57 4 1  5.580706e-11 2.800353e-12
57 57 5 1  1.688628e-11 8.543140e-13
57 57 6 1  3.761249e-12 1.980625e-13
57 57 7 1  2.476922e-12 1.338461e-13
57 57 8 1  6.460507e-13 4.230253e-14
57 57 9 1  1.590226e-13 1.795113e-14
57 57 10 1  3.411378e-14 1.170569e-14
57 57 11 1  7.382905e-15 1.036915e-14
58 58 1 1  4.704479e-10 2.353240e-11
58 58 2 1  2.808576e-10 1.405288e-11
58 58 3 1  1.151644e-10 5.768220e-12
58 58 4 1  4.109836e-11 2.064918e-12
58 58 5 1  1.249083e-11 6.345415e-13
58 58 6 1  2.995257e-12 1.597629e-13
58 58 7 1  1.990032e-12 1.095016e-13
58 58 8 1  5.547631e-13 3.773816e-14
58 58 9 1  1.457962e-13 1.728981e-14
58 58 10 1  3.296092e-14 1.164805e-14
58 58 11 1  7.302622e-15 1.036513e-14
59 59 1 1  4.375180e-10 2.188590e-11
59 59 2 1  2.536157e-10 1.269079e-11
59 59 3 1  9.662463e-11 4.841232e-12
59 59 4 1  3.214112e-11 1.617056e-12
59 59 5 1  9.724254e-12 4.962127e-13
59 59 6 1  2.497069e-12 1.348534e-13
59 59 7 1  1.672710e-12 9.363550e-14
59 59 8 1  4.939036e-13 3.469518e-14
59 59 9 1  1.367268e-13 1.683634e-14
59 59 10 1  3.213973e-14 1.160699e-14
59 59 11 1  7.243456e-15 1.036217e-14
60 60 1 1  4.158800e-10 2.080400e-11
60 60 2 1  2.365098e-10 1.183549e-11
60 60 3 1  8.527342e-11 4.273671e-12
60 60 4 1  2.639436e-11 1.329718e-12
60 60 5 1  7.818911e-12 4.009456e-13
60 60 6 1  2.128116e-12 1.164058e-13
60 60 7 1  1.436943e-12 8.184715e-14
60 60 8 1  4.471103e-13 3.235552e-14
60 60 9 1  1.295227e-13 1.647614e-14
60 60 10 1  3.146630e-14 1.157332e-14
60 60 11 1  7.194078e-15 1.035970e-14
61 61 1 1  6.181173e-10 3.091587e-11
61 61 2 1  3.695848e-10 1.848924e-11
61 61 3 1  1.476042e-10 7.390210e-12
61 61 4 1  4.604896e-11 2.312448e-12
61 61 5 1  1.119507e-11 5.697535e-13
61 61 6 1  2.264322e-12 1.232161e-13
61 61 7 1  1.511175e-12 8.555875e-14
61 61 8 1  4.354754e-13 3.177377e-14
61 61 9 1  1.241874e-13 1.620937e-14
61 61 10 1  3.067941e-14 1.153397e-14
61 61 11 1  7.129630e-15 1.035648e-14
62 62 1 1  7.783036e-10 3.892518e-11
62 62 2 1  4.706570e-10 2.354285e-11
62 62 3 1  1.911901e-10 9.569505e-12
62 62 4 1  5.824634e-11 2.922317e-12
62 62 5 1  1.281095e-11 6.505475e-13
62 62 6 1  2.281682e-12 1.240841e-13
62 62 7 1  1.518247e-12 8.591235e-14
62 62 8 1  4.286348e-13 3.143174e-14
62 62 9 1  1.224243e-13 1.612122e-14
62 62 10 1  3.049072e-14 1.152454e-14
62 62 11 1  7.117318e-15 1.035587e-14
63 63 1 1  9.244035e-10 4.623018e-11
63 63 2 1  5.621142e-10 2.811571e-11
63 63 3 1  2.288223e-10 1.145112e-11
63 63 4 1  6.727946e-11 3.373973e-12
63 63 5 1  1.389032e-11 7.045160e-13
63 63 6 1  2.456866e-12 1.328433e-13
63 63 7 1  1.634572e-12 9.172860e-14
63 63 8 1  4.607518e-13 3.303759e-14
63 63 9 1  1.287318e-13 1.643659e-14
63 63 10 1  3.117386e-14 1.155869e-14
63 63 11 1  7.168057e-15 1.035840e-14
64 64 1 1  7.500361e-10 3.751181e-11
64 64 2 1  4.721326e-10 2.361663e-11
64 64 3 1  2.127463e-10 1.064732e-11
64 64 4 1  7.663115e-11 3.841558e-12
64 64 5 1  2.068064e-11 1.044032e-12
64 64 6 1  4.038473e-12 2.119237e-13
64 64 7 1  2.644015e-12 1.422007e-13
64 64 8 1  6.585087e-13 4.292544e-14
64 64 9 1  1.582058e-13 1.791029e-14
64 64 10 1  3.380101e-14 1.169005e-14
64 64 11 1  7.350970e-15 1.036755e-14
65 65 1 1  6.055645e-10 3.028823e-11
65 65 2 1  3.856782e-10 1.929391e-11
65 65 3 1  1.798476e-10 9.002380e-12
65 65 4 1  6.936914e-11 3.478457e-12
65 65 5 1  2.057068e-11 1.038534e-12
65 65 6 1  4.341731e-12 2.270865e-13
65 65 7 1  2.844039e-12 1.522020e-13
65 65 8 1  7.110344e-13 4.555172e-14
65 65 9 1  1.678390e-13 1.839195e-14
65 65 10 1  3.481998e-14 1.174100e-14
65 65 11 1  7.428797e-15 1.037144e-14
66 66 1 1  4.994238e-10 2.498119e-11
66 66 2 1  3.174066e-10 1.588033e-11
66 66 3 1  1.480155e-10 7.410775e-12
66 66 4 1  5.789052e-11 2.904526e-12
66 66 5 1  1.774257e-11 8.971285e-13
66 66 6 1  3.953544e-12 2.076772e-13
66 66 7 1  2.600343e-12 1.400172e-13
66 66 8 1  6.716558e-13 4.358279e-14
66 66 9 1  1.630708e-13 1.815354e-14
66 66 10 1  3.449540e-14 1.172477e-14
66 66 11 1  7.410395e-15 1.037052e-14
67 67 1 1  4.333164e-10 2.167582e-11
67 67 2 1  2.677094e-10 1.339547e-11
67 67 3 1  1.187209e-10 5.946045e-12
67 67 4 1  4.553850e-11 2.286925e-12
67 67 5 1  1.425977e-11 7.229885e-13
67 67 6 1  3.372356e-12 1.786178e-13
67 67 7 1  2.231687e-12 1.215844e-13
67 67 8 1  6.041277e-13 4.020639e-14
67 67 9 1  1.535594e-13 1.767797e-14
67 67 10 1  3.369808e-14 1.168490e-14
67 67 11 1  7.356635e-15 1.036783e-14
68 68 1 1  4.114590e-10 2.058295e-11
68 68 2 1  2.442050e-10 1.222025e-11
68 68 3 1  9.931373e-11 4.975687e-12
68 68 4 1  3.582466e-11 1.801233e-12
68 68 5 1  1.126287e-11 5.731435e-13
68 68 6 1  2.833089e-12 1.516545e-13
68 68 7 1  1.888406e-12 1.044203e-13
68 68 8 1  5.387205e-13 3.693603e-14
68 68 9 1  1.439397e-13 1.719698e-14
68 68 10 1  3.284749e-14 1.164237e-14
68 68 11 1  7.296800e-15 1.036484e-14
69 69 1 1  4.044001e-10 2.023001e-11
69 69 2 1  2.338442e-10 1.170221e-11
69 69 3 1  8.892285e-11 4.456143e-12
69 69 4 1  2.996043e-11 1.508022e-12
69 69 5 1  9.309783e-12 4.754892e-13
69 69 6 1  2.460852e-12 1.330426e-13
69 69 7 1  1.650844e-12 9.254220e-14
69 69 8 1  4.921988e-13 3.460994e-14
69 69 9 1  1.368942e-13 1.684471e-14
69 69 10 1  3.220217e-14 1.161011e-14
69 69 11 1  7.250090e-15 1.036250e-14
70 70 1 1  4.010718e-10 2.006359e-11
70 70 2 1  2.279411e-10 1.140706e-11
70 70 3 1  8.230618e-11 4.125309e-12
70 70 4 1  2.580247e-11 1.300123e-12
70 70 5 1  7.791190e-12 3.995595e-13
70 70 6 1  2.149580e-12 1.174790e-13
70 70 7 1  1.451612e-12 8.258060e-14
70 70 8 1  4.519926e-13 3.259963e-14
70 70 9 1  1.306333e-13 1.653166e-14
70 70 10 1  3.161320e-14 1.158066e-14
70 70 11 1  7.206901e-15 1.036035e-14
71 71 1 1  5.737797e-10 2.869898e-11
71 71 2 1  3.386089e-10 1.694045e-11
71 71 3 1  1.313774e-10 6.578870e-12
71 71 4 1  4.002320e-11 2.011160e-12
71 71 5 1  9.728068e-12 4.964034e-13
71 71 6 1  2.060159e-12 1.130079e-13
71 71 7 1  1.382580e-12 7.912900e-14
71 71 8 1  4.137972e-13 3.068986e-14
71 71 9 1  1.213082e-13 1.606541e-14
71 71 10 1  3.043716e-14 1.152186e-14
71 71 11 1  7.111661e-15 1.035558e-14
72 72 1 1  7.195388e-10 3.598694e-11
72 72 2 1  4.298046e-10 2.150023e-11
72 72 3 1  1.699061e-10 8.505305e-12
72 72 4 1  5.050839e-11 2.535420e-12
72 72 5 1  1.111997e-11 5.659985e-13
72 72 6 1  2.101484e-12 1.150742e-13
72 72 7 1  1.406440e-12 8.032200e-14
72 72 8 1  4.133162e-13 3.066581e-14
72 72 9 1  1.208722e-13 1.604361e-14
72 72 10 1  3.039334e-14 1.151967e-14
72 72 11 1  7.109864e-15 1.035549e-14
73 73 1 1  8.730039e-10 4.366020e-11
73 73 2 1  5.227486e-10 2.614743e-11
73 73 3 1  2.054761e-10 1.028380e-11
73 73 4 1  5.825246e-11 2.922623e-12
73 73 5 1  1.193937e-11 6.069685e-13
73 73 6 1  2.244763e-12 1.222382e-13
73 73 7 1  1.502057e-12 8.510285e-14
73 73 8 1  4.406670e-13 3.203335e-14
73 73 9 1  1.263630e-13 1.631815e-14
73 73 10 1  3.100644e-14 1.155032e-14
73 73 11 1  7.157035e-15 1.035785e-14
74 74 1 1  6.662372e-10 3.332186e-11
74 74 2 1  4.064615e-10 2.033308e-11
74 74 3 1  1.717252e-10 8.596260e-12
74 74 4 1  5.863409e-11 2.941705e-12
74 74 5 1  1.560701e-11 7.903505e-13
74 74 6 1  3.224768e-12 1.712384e-13
74 74 7 1  2.129142e-12 1.164571e-13
74 74 8 1  5.668338e-13 3.834169e-14
74 74 9 1  1.456804e-13 1.728402e-14
74 74 10 1  3.278567e-14 1.163928e-14
74 74 11 1  7.283971e-15 1.036420e-14
75 75 1 1  5.298234e-10 2.650117e-11
75 75 2 1  3.240793e-10 1.621396e-11
75 75 3 1  1.399116e-10 7.005580e-12
75 75 4 1  5.154748e-11 2.587374e-12
75 75 5 1  1.538921e-11 7.794605e-13
75 75 6 1  3.461559e-12 1.830780e-13
75 75 7 1  2.285458e-12 1.242729e-13
75 75 8 1  6.081436e-13 4.040718e-14
75 75 9 1  1.532639e-13 1.766319e-14
75 75 10 1  3.358953e-14 1.167948e-14
75 75 11 1  7.345573e-15 1.036728e-14
76 76 1 1  4.483860e-10 2.242930e-11
76 76 2 1  2.737293e-10 1.369647e-11
76 76 3 1  1.182686e-10 5.923430e-12
76 76 4 1  4.437959e-11 2.228980e-12
76 76 5 1  1.378132e-11 6.990660e-13
76 76 6 1  3.269583e-12 1.734792e-13
76 76 7 1  2.165821e-12 1.182910e-13
76 76 8 1  5.906600e-13 3.953300e-14
76 76 9 1  1.514462e-13 1.757231e-14
76 76 10 1  3.349892e-14 1.167495e-14
76 76 11 1  7.342148e-15 1.036711e-14
77 77 1 1  4.007966e-10 2.004983e-11
77 77 2 1  2.400208e-10 1.201104e-11
77 77 3 1  9.992157e-11 5.006079e-12
77 77 4 1  3.697754e-11 1.858877e-12
77 77 5 1  1.174035e-11 5.970175e-13
77 77 6 1  2.935012e-12 1.567506e-13
77 77 7 1  1.953757e-12 1.076878e-13
77 77 8 1  5.521452e-13 3.760726e-14
77 77 9 1  1.460732e-13 1.730366e-14
77 77 10 1  3.305356e-14 1.165268e-14
77 77 11 1  7.312121e-15 1.036561e-14
78 78 1 1  3.909516e-10 1.955758e-11
78 78 2 1  2.277032e-10 1.139516e-11
78 78 3 1  8.874978e-11 4.447489e-12
78 78 4 1  3.113227e-11 1.566613e-12
78 78 5 1  9.889385e-12 5.044692e-13
78 78 6 1  2.595573e-12 1.397787e-13
78 78 7 1  1.737549e-12 9.687745e-14
78 78 8 1  5.106805e-13 3.553403e-14
78 78 9 1  1.399474e-13 1.699737e-14
78 78 10 1  3.251055e-14 1.162553e-14
78 78 11 1  7.273756e-15 1.036369e-14
79 79 1 1  3.927334e-10 1.964667e-11
79 79 2 1  2.246721e-10 1.124361e-11
79 79 3 1  8.324905e-11 4.172453e-12
79 79 4 1  2.751291e-11 1.385646e-12
79 79 5 1  8.602299e-12 4.401150e-13
79 79 6 1  2.340606e-12 1.270303e-13
79 79 7 1  1.574643e-12 8.873215e-14
79 79 8 1  4.783973e-13 3.391987e-14
79 79 9 1  1.350184e-13 1.675092e-14
79 79 10 1  3.205722e-14 1.160286e-14
79 79 11 1  7.240873e-15 1.036204e-14
80 80 1 1  3.965838e-10 1.983919e-11
80 80 2 1  2.242009e-10 1.122004e-11
80 80 3 1  7.989816e-11 4.004908e-12
80 80 4 1  2.479118e-11 1.249559e-12
80 80 5 1  7.509631e-12 3.854816e-13
80 80 6 1  2.105508e-12 1.152754e-13
80 80 7 1  1.423966e-12 8.119830e-14
80 80 8 1  4.475771e-13 3.237886e-14
80 80 9 1  1.301778e-13 1.650889e-14
80 80 10 1  3.160054e-14 1.158003e-14
80 80 11 1  7.207471e-15 1.036037e-14
81 81 1 1  5.111148e-10 2.556574e-11
81 81 2 1  2.968167e-10 1.485083e-11
81 81 3 1  1.109998e-10 5.559990e-12
81 81 4 1  3.289634e-11 1.654817e-12
81 81 5 1  8.143225e-12 4.171612e-13
81 81 6 1  1.870437e-12 1.035219e-13
81 81 7 1  1.263771e-12 7.318855e-14
81 81 8 1  3.952011e-13 2.976006e-14
81 81 9 1  1.189811e-13 1.594906e-14
81 81 10 1  3.024397e-14 1.151220e-14
81 81 11 1  7.096343e-15 1.035482e-14
82 82 1 1  5.895174e-10 2.948587e-11
82 82 2 1  3.440708e-10 1.721354e-11
82 82 3 1  1.293455e-10 6.477275e-12
82 82 4 1  3.734075e-11 1.877038e-12
82 82 5 1  8.635831e-12 4.417916e-13
82 82 6 1  1.882134e-12 1.041067e-13
82 82 7 1  1.270918e-12 7.354590e-14
82 82 8 1  3.959588e-13 2.979794e-14
82 82 9 1  1.191736e-13 1.595868e-14
82 82 10 1  3.027942e-14 1.151397e-14
82 82 11 1  7.100013e-15 1.035500e-14
83 83 1 1  6.650852e-10 3.326426e-11
83 83 2 1  3.882317e-10 1.942158e-11
83 83 3 1  1.450330e-10 7.261650e-12
83 83 4 1  4.067312e-11 2.043656e-12
83 83 5 1  9.158077e-12 4.679038e-13
83 83 6 1  2.021170e-12 1.110585e-13
83 83 7 1  1.362622e-12 7.813110e-14
83 83 8 1  4.200510e-13 3.100255e-14
83 83 9 1  1.237598e-13 1.618799e-14
83 83 10 1  3.078256e-14 1.153913e-14
83 83 11 1  7.139149e-15 1.035696e-14
84 84 1 1  5.547637e-10 2.774819e-11
84 84 2 1  3.269632e-10 1.635816e-11
84 84 3 1  1.279982e-10 6.409910e-12
84 84 4 1  4.128028e-11 2.074014e-12
84 84 5 1  1.119218e-11 5.696090e-13
84 84 6 1  2.574308e-12 1.387154e-13
84 84 7 1  1.717887e-12 9.589435e-14
84 84 8 1  4.942634e-13 3.471317e-14
84 84 9 1  1.356333e-13 1.678167e-14
84 84 10 1  3.193317e-14 1.159666e-14
84 84 11 1  7.224254e-15 1.036121e-14
85 85 1 1  4.773663e-10 2.387832e-11
85 85 2 1  2.817320e-10 1.409660e-11
85 85 3 1  1.122101e-10 5.620505e-12
85 85 4 1  3.877368e-11 1.948684e-12
85 85 5 1  1.160516e-11 5.902580e-13
85 85 6 1  2.810271e-12 1.505136e-13
85 85 7 1  1.871577e-12 1.035788e-13
85 85 8 1  5.307482e-13 3.653741e-14
85 85 9 1  1.420351e-13 1.710176e-14
85 85 10 1  3.260323e-14 1.163016e-14
85 85 11 1  7.276069e-15 1.036380e-14
86 86 1 1  4.266482e-10 2.134241e-11
86 86 2 1  2.515815e-10 1.258907e-11
86 86 3 1  1.004713e-10 5.033565e-12
86 86 4 1  3.541029e-11 1.780515e-12
86 86 5 1  1.098816e-11 5.594080e-13
86 86 6 1  2.763752e-12 1.481876e-13
86 86 7 1  1.843697e-12 1.021849e-13
86 86 8 1  5.290197e-13 3.645099e-14
86 86 9 1  1.423243e-13 1.711622e-14
86 86 10 1  3.268442e-14 1.163422e-14
86 86 11 1  7.284312e-15 1.036422e-14
87 87 1 1  3.950232e-10 1.976116e-11
87 87 2 1  2.302574e-10 1.152287e-11
87 87 3 1  8.976902e-11 4.498451e-12
87 87 4 1  3.135720e-11 1.577860e-12
87 87 5 1  9.912231e-12 5.056115e-13
87 87 6 1  2.593410e-12 1.396705e-13
87 87 7 1  1.735971e-12 9.679855e-14
87 87 8 1  5.099626e-13 3.549813e-14
87 87 9 1  1.397689e-13 1.698845e-14
87 87 10 1  3.248617e-14 1.162431e-14
87 87 11 1  7.271571e-15 1.036358e-14
88 88 1 1  3.897165e-10 1.949583e-11
88 88 2 1  2.233268e-10 1.117634e-11
88 88 3 1  8.331407e-11 4.175704e-12
88 88 4 1  2.790401e-11 1.405200e-12
88 88 5 1  8.794165e-12 4.497083e-13
88 88 6 1  2.385285e-12 1.292643e-13
88 88 7 1  1.603396e-12 9.016980e-14
88 88 8 1  4.845213e-13 3.422606e-14
88 88 9 1  1.360285e-13 1.680143e-14
88 88 10 1  3.215889e-14 1.160794e-14
88 88 11 1  7.248641e-15 1.036243e-14
89 89 1 1  3.926335e-10 1.964168e-11
89 89 2 1  2.225617e-10 1.113809e-11
89 89 3 1  8.028941e-11 4.024471e-12
89 89 4 1  2.566222e-11 1.293111e-12
89 89 5 1  7.948657e-12 4.074328e-13
89 89 6 1  2.211834e-12 1.205917e-13
89 89 7 1  1.492480e-12 8.462400e-14
89 89 8 1  4.623498e-13 3.311749e-14
89 89 9 1  1.326310e-13 1.663155e-14
89 89 10 1  3.184728e-14 1.159236e-14
89 89 11 1  7.226112e-15 1.036131e-14
90 90 1 1  3.970626e-10 1.986313e-11
90 90 2 1  2.235005e-10 1.118503e-11
90 90 3 1  7.858378e-11 3.939189e-12
90 90 4 1  2.390354e-11 1.205177e-12
90 90 5 1  7.178041e-12 3.689020e-13
90 90 6 1  2.038073e-12 1.119037e-13
90 90 7 1  1.380973e-12 7.904865e-14
90 90 8 1  4.392531e-13 3.196265e-14
90 90 9 1  1.289778e-13 1.644889e-14
90 90 10 1  3.150272e-14 1.157514e-14
90 90 11 1  7.201055e-15 1.036005e-14
91 91 1 1  4.511429e-10 2.256714e-11
91 91 2 1  2.576994e-10 1.289497e-11
91 91 3 1  9.270385e-11 4.645193e-12
91 91 4 1  2.680388e-11 1.350194e-12
91 91 5 1  6.882807e-12 3.541403e-13
91 91 6 1  1.734501e-12 9.672505e-14
91 91 7 1  1.178955e-12 6.894775e-14
91 91 8 1  3.825767e-13 2.912883e-14
91 91 9 1  1.174761e-13 1.587380e-14
91 91 10 1  3.012219e-14 1.150611e-14
91 91 11 1  7.086193e-15 1.035431e-14
92 92 1 1  4.693032e-10 2.347516e-11
92 92 2 1  2.669300e-10 1.335650e-11
92 92 3 1  9.485740e-11 4.752870e-12
92 92 4 1  2.694840e-11 1.357420e-12
92 92 5 1  6.851338e-12 3.525669e-13
92 92 6 1  1.741624e-12 9.708120e-14
92 92 7 1  1.184329e-12 6.921645e-14
92 92 8 1  3.853407e-13 2.926704e-14
92 92 9 1  1.181767e-13 1.590884e-14
92 92 10 1  3.021316e-14 1.151066e-14
92 92 11 1  7.093702e-15 1.035469e-14
93 93 1 1  4.728173e-10 2.365086e-11
93 93 2 1  2.685210e-10 1.343605e-11
93 93 3 1  9.518260e-11 4.769130e-12
93 93 4 1  2.721201e-11 1.370600e-12
93 93 5 1  7.103981e-12 3.651991e-13
93 93 6 1  1.843289e-12 1.021645e-13
93 93 7 1  1.251054e-12 7.255270e-14
93 93 8 1  4.022106e-13 3.011053e-14
93 93 9 1  1.213197e-13 1.606599e-14
93 93 10 1  3.055831e-14 1.152792e-14
93 93 11 1  7.120925e-15 1.035605e-14
94 94 1 1  4.565052e-10 2.283526e-11
94 94 2 1  2.604006e-10 1.303003e-11
94 94 3 1  9.422518e-11 4.721259e-12
94 94 4 1  2.864616e-11 1.442308e-12
94 94 5 1  8.075428e-12 4.137714e-13
94 94 6 1  2.104968e-12 1.152484e-13
94 94 7 1  1.420166e-12 8.100830e-14
94 94 8 1  4.396844e-13 3.198422e-14
94 94 9 1  1.277078e-13 1.638539e-14
94 94 10 1  3.122109e-14 1.156105e-14
94 94 11 1  7.172358e-15 1.035862e-14
95 95 1 1  4.340836e-10 2.171418e-11
95 95 2 1  2.489071e-10 1.245536e-11
95 95 3 1  9.189977e-11 4.604989e-12
95 95 4 1  2.931524e-11 1.475762e-12
95 95 5 1  8.718679e-12 4.459340e-13
95 95 6 1  2.292840e-12 1.246420e-13
95 95 7 1  1.541925e-12 8.709625e-14
95 95 8 1  4.673698e-13 3.336849e-14
95 95 9 1  1.325451e-13 1.662725e-14
95 95 10 1  3.173772e-14 1.158689e-14
95 95 11 1  7.213393e-15 1.036067e-14
96 96 1 1  4.117254e-10 2.059627e-11
96 96 2 1  2.363240e-10 1.182620e-11
96 96 3 1  8.780056e-11 4.400028e-12
96 96 4 1  2.855860e-11 1.437930e-12
96 96 5 1  8.712342e-12 4.456171e-13
96 96 6 1  2.328466e-12 1.264233e-13
96 96 7 1  1.565804e-12 8.829020e-14
96 96 8 1  4.744090e-13 3.372045e-14
96 96 9 1  1.340155e-13 1.670078e-14
96 96 10 1  3.191895e-14 1.159595e-14
96 96 11 1  7.228792e-15 1.036144e-14
97 97 1 1  3.956349e-10 1.979174e-11
97 97 2 1  2.258560e-10 1.130280e-11
97 97 3 1  8.294880e-11 4.157440e-12
97 97 4 1  2.690544e-11 1.355272e-12
97 97 5 1  8.313294e-12 4.256647e-13
97 97 6 1  2.273164e-12 1.236582e-13
97 97 7 1  1.531237e-12 8.656185e-14
97 97 8 1  4.691441e-13 3.345721e-14
97 97 9 1  1.334953e-13 1.667477e-14
97 97 10 1  3.190496e-14 1.159525e-14
97 97 11 1  7.229381e-15 1.036147e-14
98 98 1 1  3.937694e-10 1.969847e-11
98 98 2 1  2.228680e-10 1.115340e-11
98 98 3 1  7.992059e-11 4.006030e-12
98 98 4 1  2.523185e-11 1.271593e-12
98 98 5 1  7.754802e-12 3.977401e-13
98 98 6 1  2.167645e-12 1.183823e-13
98 98 7 1  1.464096e-12 8.320480e-14
98 98 8 1  4.564148e-13 3.282074e-14
98 98 9 1  1.316803e-13 1.658402e-14
98 98 10 1  3.175621e-14 1.158781e-14
98 98 11 1  7.219539e-15 1.036098e-14
99 99 1 1  3.960863e-10 1.981432e-11
99 99 2 1  2.229865e-10 1.115932e-11
99 99 3 1  7.853648e-11 3.936824e-12
99 99 4 1  2.404934e-11 1.212467e-12
99 99 5 1  7.272488e-12 3.736244e-13
99 99 6 1  2.063788e-12 1.131894e-13
99 99 7 1  1.397625e-12 7.988125e-14
99 99 8 1  4.430108e-13 3.215054e-14
99 99 9 1  1.296299e-13 1.648149e-14
99 99 10 1  3.157148e-14 1.157857e-14
99 99 11 1  7.206421e-15 1.036032e-14
100 100 1 1  3.991329e-10 1.996664e-11
100 100 2 1  2.239918e-10 1.120959e-11
100 100 3 1  7.783544e-11 3.901772e-12
100 100 4 1  2.307090e-11 1.163545e-12
100 100 5 1  6.792493e-12 3.496247e-13
100 100 6 1  1.948236e-12 1.074118e-13
100 100 7 1  1.323342e-12 7.616710e-14
100 100 8 1  4.273578e-13 3.136789e-14
100 100 9 1  1.271341e-13 1.635670e-14
100 100 10 1  3.133724e-14 1.156686e-14
100 100 11 1  7.189590e-15 1.035948e-14
