1 1 1 1    4.200965E-10
1 1 2 1    2.416768E-10
1 1 3 1    8.954767E-11
1 1 4 1    2.798233E-11
1 1 5 1    7.933004E-12
1 1 6 1    2.036882E-12
1 1 7 1    1.374176E-12
1 1 8 1    4.254177E-13
1 1 9 1    1.245024E-13
1 1 10 1    3.078900E-14
1 1 11 1    7.131414E-15
 
2 2 1 1    4.473476E-10
2 2 2 1    2.599071E-10
2 2 3 1    9.845782E-11
2 2 4 1    3.110472E-11
2 2 5 1    8.642200E-12
2 2 6 1    2.124950E-12
2 2 7 1    1.429268E-12
2 2 8 1    4.339113E-13
2 2 9 1    1.254789E-13
2 2 10 1    3.085286E-14
2 2 11 1    7.135574E-15
 
3 3 1 1    4.815639E-10
3 3 2 1    2.825884E-10
3 3 3 1    1.092872E-10
3 3 4 1    3.470911E-11
3 3 5 1    9.383159E-12
3 3 6 1    2.202198E-12
3 3 7 1    1.477232E-12
3 3 8 1    4.405569E-13
3 3 9 1    1.261725E-13
3 3 10 1    3.090058E-14
3 3 11 1    7.139930E-15
 
4 4 1 1    5.195115E-10
4 4 2 1    3.084911E-10
4 4 3 1    1.220846E-10
4 4 4 1    3.888795E-11
4 4 5 1    1.017864E-11
4 4 6 1    2.271460E-12
4 4 7 1    1.519801E-12
4 4 8 1    4.455325E-13
4 4 9 1    1.265776E-13
4 4 10 1    3.092786E-14
4 4 11 1    7.143993E-15
 
5 5 1 1    5.427322E-10
5 5 2 1    3.245934E-10
5 5 3 1    1.300815E-10
5 5 4 1    4.132133E-11
5 5 5 1    1.055052E-11
5 5 6 1    2.282061E-12
5 5 7 1    1.525442E-12
5 5 8 1    4.443277E-13
5 5 9 1    1.261828E-13
5 5 10 1    3.089261E-14
5 5 11 1    7.143808E-15
 
6 6 1 1    5.442462E-10
6 6 2 1    3.253286E-10
6 6 3 1    1.300388E-10
6 6 4 1    4.096778E-11
6 6 5 1    1.032442E-11
6 6 6 1    2.220877E-12
6 6 7 1    1.486067E-12
6 6 8 1    4.359467E-13
6 6 9 1    1.248622E-13
6 6 10 1    3.077501E-14
6 6 11 1    7.136454E-15
 
7 7 1 1    5.236885E-10
7 7 2 1    3.101802E-10
7 7 3 1    1.214742E-10
7 7 4 1    3.758462E-11
7 7 5 1    9.426010E-12
7 7 6 1    2.074700E-12
7 7 7 1    1.393250E-12
7 7 8 1    4.187431E-13
7 7 9 1    1.223585E-13
7 7 10 1    3.054995E-14
7 7 11 1    7.120055E-15
 
8 8 1 1    4.857358E-10
8 8 2 1    2.832222E-10
8 8 3 1    1.070841E-10
8 8 4 1    3.227142E-11
8 8 5 1    8.161473E-12
8 8 6 1    1.899463E-12
8 8 7 1    1.282660E-12
8 8 8 1    3.996474E-13
8 8 9 1    1.197187E-13
8 8 10 1    3.031505E-14
8 8 11 1    7.101923E-15
 
9 9 1 1    4.500441E-10
9 9 2 1    2.588861E-10
9 9 3 1    9.486139E-11
9 9 4 1    2.797329E-11
9 9 5 1    7.204084E-12
9 9 6 1    1.779466E-12
9 9 7 1    1.207204E-12
9 9 8 1    3.871856E-13
9 9 9 1    1.180507E-13
9 9 10 1    3.016672E-14
9 9 11 1    7.089821E-15
 
10 10 1 1    4.229058E-10
10 10 2 1    2.405560E-10
10 10 3 1    8.581441E-11
10 10 4 1    2.486226E-11
10 10 5 1    6.535793E-12
10 10 6 1    1.700524E-12
10 10 7 1    1.157697E-12
10 10 8 1    3.792848E-13
10 10 9 1    1.170348E-13
10 10 10 1    3.007970E-14
10 10 11 1    7.082550E-15
 
11 11 1 1    4.501997E-10
11 11 2 1    2.612081E-10
11 11 3 1    9.866237E-11
11 11 4 1    3.114195E-11
11 11 5 1    8.668960E-12
11 11 6 1    2.131605E-12
11 11 7 1    1.433458E-12
11 11 8 1    4.346103E-13
11 11 9 1    1.255389E-13
11 11 10 1    3.084876E-14
11 11 11 1    7.134278E-15
 
12 12 1 1    5.036525E-10
12 12 2 1    2.950413E-10
12 12 3 1    1.137244E-10
12 12 4 1    3.603658E-11
12 12 5 1    9.655666E-12
12 12 6 1    2.223742E-12
12 12 7 1    1.490124E-12
12 12 8 1    4.413104E-13
12 12 9 1    1.259956E-13
12 12 10 1    3.084631E-14
12 12 11 1    7.132943E-15
 
13 13 1 1    5.782588E-10
13 13 2 1    3.424640E-10
13 13 3 1    1.347903E-10
13 13 4 1    4.257370E-11
13 13 5 1    1.081514E-11
13 13 6 1    2.298762E-12
13 13 7 1    1.535137E-12
13 13 8 1    4.442327E-13
13 13 9 1    1.258032E-13
13 13 10 1    3.079774E-14
13 13 11 1    7.130708E-15
 
14 14 1 1    6.570867E-10
14 14 2 1    3.933456E-10
14 14 3 1    1.579187E-10
14 14 4 1    4.981186E-11
14 14 5 1    1.212349E-11
14 14 6 1    2.389873E-12
14 14 7 1    1.590012E-12
14 14 8 1    4.482512E-13
14 14 9 1    1.256966E-13
14 14 10 1    3.076238E-14
14 14 11 1    7.131087E-15
 
15 15 1 1    6.969101E-10
15 15 2 1    4.195223E-10
15 15 3 1    1.700300E-10
15 15 4 1    5.350411E-11
15 15 5 1    1.275765E-11
15 15 6 1    2.429626E-12
15 15 7 1    1.613792E-12
15 15 8 1    4.496407E-13
15 15 9 1    1.256005E-13
15 15 10 1    3.075403E-14
15 15 11 1    7.133533E-15
 
16 16 1 1    6.970208E-10
16 16 2 1    4.194475E-10
16 16 3 1    1.697131E-10
16 16 4 1    5.311533E-11
16 16 5 1    1.255132E-11
16 16 6 1    2.379558E-12
16 16 7 1    1.581788E-12
16 16 8 1    4.432731E-13
16 16 9 1    1.246808E-13
16 16 10 1    3.068299E-14
16 16 11 1    7.129905E-15
 
17 17 1 1    6.567243E-10
17 17 2 1    3.919385E-10
17 17 3 1    1.557423E-10
17 17 4 1    4.797320E-11
17 17 5 1    1.129417E-11
17 17 6 1    2.205017E-12
17 17 7 1    1.472009E-12
17 17 8 1    4.251004E-13
17 17 9 1    1.223447E-13
17 17 10 1    3.049577E-14
17 17 11 1    7.116468E-15
 
18 18 1 1    5.714726E-10
18 18 2 1    3.346624E-10
18 18 3 1    1.274134E-10
18 18 4 1    3.792476E-11
18 18 5 1    9.055663E-12
18 18 6 1    1.946273E-12
18 18 7 1    1.310514E-12
18 18 8 1    4.009526E-13
18 18 9 1    1.195148E-13
18 18 10 1    3.027795E-14
18 18 11 1    7.099616E-15
 
19 19 1 1    4.882444E-10
19 19 2 1    2.803499E-10
19 19 3 1    1.019922E-10
19 19 4 1    2.950094E-11
19 19 5 1    7.359536E-12
19 19 6 1    1.776983E-12
19 19 7 1    1.205352E-12
19 19 8 1    3.862767E-13
19 19 9 1    1.178989E-13
19 19 10 1    3.015569E-14
19 19 11 1    7.089301E-15
 
20 20 1 1    4.373555E-10
20 20 2 1    2.478109E-10
20 20 3 1    8.736454E-11
20 20 4 1    2.487544E-11
20 20 5 1    6.481860E-12
20 20 6 1    1.696377E-12
20 20 7 1    1.155468E-12
20 20 8 1    3.797122E-13
20 20 9 1    1.172466E-13
20 20 10 1    3.011344E-14
20 20 11 1    7.085534E-15
 
21 21 1 1    4.931049E-10
21 21 2 1    2.886351E-10
21 21 3 1    1.110630E-10
21 21 4 1    3.520058E-11
21 21 5 1    9.500971E-12
21 21 6 1    2.214946E-12
21 21 7 1    1.485003E-12
21 21 8 1    4.413233E-13
21 21 9 1    1.261444E-13
21 21 10 1    3.087621E-14
21 21 11 1    7.136211E-15
 
22 22 1 1    5.854262E-10
22 22 2 1    3.472706E-10
22 22 3 1    1.369214E-10
22 22 4 1    4.292651E-11
22 22 5 1    1.068934E-11
22 22 6 1    2.244049E-12
22 22 7 1    1.499992E-12
22 22 8 1    4.368855E-13
22 22 9 1    1.246633E-13
22 22 10 1    3.068760E-14
22 22 11 1    7.121864E-15
 
23 23 1 1    7.473766E-10
23 23 2 1    4.495173E-10
23 23 3 1    1.805186E-10
23 23 4 1    5.444296E-11
23 23 5 1    1.191389E-11
23 23 6 1    2.169476E-12
23 23 7 1    1.448507E-12
23 23 8 1    4.188208E-13
23 23 9 1    1.213110E-13
23 23 10 1    3.037164E-14
23 23 11 1    7.102372E-15
 
24 24 1 1    8.449609E-10
24 24 2 1    5.124630E-10
24 24 3 1    2.086372E-10
24 24 4 1    6.254882E-11
24 24 5 1    1.313239E-11
24 24 6 1    2.226613E-12
24 24 7 1    1.481996E-12
24 24 8 1    4.192607E-13
24 24 9 1    1.207484E-13
24 24 10 1    3.029871E-14
24 24 11 1    7.099994E-15
 
25 25 1 1    8.658578E-10
25 25 2 1    5.256817E-10
25 25 3 1    2.142743E-10
25 25 4 1    6.412509E-11
25 25 5 1    1.345663E-11
25 25 6 1    2.286609E-12
25 25 7 1    1.520458E-12
25 25 8 1    4.271531E-13
25 25 9 1    1.220338E-13
25 25 10 1    3.043868E-14
25 25 11 1    7.112900E-15
 
26 26 1 1    8.549555E-10
26 26 2 1    5.184864E-10
26 26 3 1    2.107126E-10
26 26 4 1    6.275018E-11
26 26 5 1    1.313536E-11
26 26 6 1    2.261607E-12
26 26 7 1    1.505694E-12
26 26 8 1    4.267214E-13
26 26 9 1    1.223369E-13
26 26 10 1    3.050276E-14
26 26 11 1    7.119297E-15
 
27 27 1 1    8.111079E-10
27 27 2 1    4.887595E-10
27 27 3 1    1.958381E-10
27 27 4 1    5.753385E-11
27 27 5 1    1.205341E-11
27 27 6 1    2.159013E-12
27 27 7 1    1.442519E-12
27 27 8 1    4.190871E-13
27 27 9 1    1.217555E-13
27 27 10 1    3.048800E-14
27 27 11 1    7.118464E-15
 
28 28 1 1    6.844571E-10
28 28 2 1    4.032361E-10
28 28 3 1    1.539100E-10
28 28 4 1    4.379932E-11
28 28 5 1    9.544531E-12
28 28 6 1    1.952685E-12
28 28 7 1    1.315331E-12
28 28 8 1    4.034086E-13
28 28 9 1    1.203014E-13
28 28 10 1    3.039669E-14
28 28 11 1    7.110348E-15
 
29 29 1 1    5.146164E-10
29 29 2 1    2.953050E-10
29 29 3 1    1.068717E-10
29 29 4 1    3.031137E-11
29 29 5 1    7.404420E-12
29 29 6 1    1.798646E-12
29 29 7 1    1.220411E-12
29 29 8 1    3.917756E-13
29 29 9 1    1.191504E-13
29 29 10 1    3.031003E-14
29 29 11 1    7.101921E-15
 
30 30 1 1    4.424119E-10
30 30 2 1    2.496161E-10
30 30 3 1    8.706863E-11
30 30 4 1    2.461265E-11
30 30 5 1    6.481638E-12
30 30 6 1    1.726436E-12
30 30 7 1    1.175724E-12
30 30 8 1    3.858956E-13
30 30 9 1    1.185334E-13
30 30 10 1    3.026584E-14
30 30 11 1    7.097947E-15
 
31 31 1 1    5.596880E-10
31 31 2 1    3.315166E-10
31 31 3 1    1.305517E-10
31 31 4 1    4.140524E-11
31 31 5 1    1.068294E-11
31 31 6 1    2.314238E-12
31 31 7 1    1.545786E-12
31 31 8 1    4.479083E-13
31 31 9 1    1.265647E-13
31 31 10 1    3.088970E-14
31 31 11 1    7.138969E-15
 
32 32 1 1    7.208973E-10
32 32 2 1    4.337044E-10
32 32 3 1    1.748914E-10
32 32 4 1    5.373082E-11
32 32 5 1    1.216549E-11
32 32 6 1    2.251626E-12
32 32 7 1    1.500425E-12
32 32 8 1    4.279277E-13
32 32 9 1    1.224571E-13
32 32 10 1    3.045897E-14
32 32 11 1    7.108673E-15
 
33 33 1 1    1.006656E-09
33 33 2 1    6.147590E-10
33 33 3 1    2.522801E-10
33 33 4 1    7.400236E-11
33 33 5 1    1.443930E-11
33 33 6 1    2.239826E-12
33 33 7 1    1.489279E-12
33 33 8 1    4.183494E-13
33 33 9 1    1.206449E-13
33 33 10 1    3.029670E-14
33 33 11 1    7.099120E-15
 
34 34 1 1    1.036714E-09
34 34 2 1    6.465553E-10
34 34 3 1    2.802242E-10
34 34 4 1    9.054196E-11
34 34 5 1    2.034523E-11
34 34 6 1    3.337846E-12
34 34 7 1    2.186019E-12
34 34 8 1    5.464752E-13
34 34 9 1    1.385523E-13
34 34 10 1    3.177669E-14
34 34 11 1    7.197287E-15
 
35 35 1 1    9.626641E-10
35 35 2 1    6.010251E-10
35 35 3 1    2.619399E-10
35 35 4 1    8.643079E-11
35 35 5 1    2.046967E-11
35 35 6 1    3.606890E-12
35 35 7 1    2.362571E-12
35 35 8 1    5.910233E-13
35 35 9 1    1.464532E-13
35 35 10 1    3.258563E-14
35 35 11 1    7.258200E-15
 
36 36 1 1    8.899986E-10
36 36 2 1    5.520670E-10
36 36 3 1    2.372005E-10
36 36 4 1    7.702326E-11
36 36 5 1    1.815745E-11
36 36 6 1    3.316908E-12
36 36 7 1    2.181752E-12
36 36 8 1    5.643779E-13
36 36 9 1    1.436870E-13
36 36 10 1    3.245462E-14
36 36 11 1    7.254574E-15
 
37 37 1 1    8.214952E-10
37 37 2 1    5.016547E-10
37 37 3 1    2.082432E-10
37 37 4 1    6.513737E-11
37 37 5 1    1.504949E-11
37 37 6 1    2.864578E-12
37 37 7 1    1.896723E-12
37 37 8 1    5.160887E-13
37 37 9 1    1.374649E-13
37 37 10 1    3.199101E-14
37 37 11 1    7.226088E-15
 
38 38 1 1    6.906267E-10
38 38 2 1    4.091360E-10
38 38 3 1    1.590493E-10
38 38 4 1    4.731543E-11
38 38 5 1    1.115228E-11
38 38 6 1    2.376377E-12
38 38 7 1    1.589263E-12
38 38 8 1    4.643347E-13
38 38 9 1    1.305607E-13
38 38 10 1    3.142412E-14
38 38 11 1    7.186710E-15
 
39 39 1 1    5.092701E-10
39 39 2 1    2.928526E-10
39 39 3 1    1.071637E-10
39 39 4 1    3.160419E-11
39 39 5 1    8.245172E-12
39 39 6 1    2.046846E-12
39 39 7 1    1.381453E-12
39 39 8 1    4.287617E-13
39 39 9 1    1.255828E-13
39 39 10 1    3.097980E-14
39 39 11 1    7.153296E-15
 
40 40 1 1    4.384836E-10
40 40 2 1    2.473509E-10
40 40 3 1    8.654178E-11
40 40 4 1    2.500342E-11
40 40 5 1    6.866023E-12
40 40 6 1    1.856026E-12
40 40 7 1    1.260265E-12
40 40 8 1    4.062457E-13
40 40 9 1    1.222340E-13
40 40 10 1    3.067017E-14
40 40 11 1    7.130059E-15
 
41 41 1 1    6.133974E-10
41 41 2 1    3.667537E-10
41 41 3 1    1.469137E-10
41 41 4 1    4.653088E-11
41 41 5 1    1.161888E-11
41 41 6 1    2.385697E-12
41 41 7 1    1.589244E-12
41 41 8 1    4.520075E-13
41 41 9 1    1.267421E-13
41 41 10 1    3.089712E-14
41 41 11 1    7.142433E-15
 
42 42 1 1    7.893956E-10
42 42 2 1    4.776843E-10
42 42 3 1    1.945701E-10
42 42 4 1    5.968865E-11
42 42 5 1    1.321349E-11
42 42 6 1    2.330384E-12
42 42 7 1    1.548202E-12
42 42 8 1    4.321701E-13
42 42 9 1    1.225560E-13
42 42 10 1    3.045371E-14
42 42 11 1    7.111436E-15
 
43 43 1 1    1.016093E-09
43 43 2 1    6.231496E-10
43 43 3 1    2.588746E-10
43 43 4 1    7.815048E-11
43 43 5 1    1.624067E-11
43 43 6 1    2.657154E-12
43 43 7 1    1.755884E-12
43 43 8 1    4.710836E-13
43 43 9 1    1.284690E-13
43 43 10 1    3.098650E-14
43 43 11 1    7.147726E-15
 
44 44 1 1    9.904473E-10
44 44 2 1    6.311576E-10
44 44 3 1    2.901706E-10
44 44 4 1    1.047387E-10
44 44 5 1    2.731544E-11
44 44 6 1    4.866629E-12
44 44 7 1    3.161147E-12
44 44 8 1    7.362646E-13
44 44 9 1    1.666093E-13
44 44 10 1    3.424637E-14
44 44 11 1    7.367718E-15
 
45 45 1 1    8.704132E-10
45 45 2 1    5.601048E-10
45 45 3 1    2.642122E-10
45 45 4 1    1.000247E-10
45 45 5 1    2.795192E-11
45 45 6 1    5.314855E-12
45 45 7 1    3.453681E-12
45 45 8 1    8.068870E-13
45 45 9 1    1.789494E-13
45 45 10 1    3.550870E-14
45 45 11 1    7.462909E-15
 
46 46 1 1    7.408405E-10
46 46 2 1    4.740779E-10
46 46 3 1    2.218437E-10
46 46 4 1    8.413343E-11
46 46 5 1    2.391826E-11
46 46 6 1    4.739166E-12
46 46 7 1    3.091597E-12
46 46 8 1    7.469625E-13
46 46 9 1    1.715132E-13
46 46 10 1    3.499286E-14
46 46 11 1    7.434191E-15
 
47 47 1 1    6.367480E-10
47 47 2 1    3.958988E-10
47 47 3 1    1.756766E-10
47 47 4 1    6.452348E-11
47 47 5 1    1.837927E-11
47 47 6 1    3.830063E-12
47 47 7 1    2.515819E-12
47 47 8 1    6.433229E-13
47 47 9 1    1.572461E-13
47 47 10 1    3.383572E-14
47 47 11 1    7.358718E-15
 
48 48 1 1    5.466993E-10
48 48 2 1    3.261844E-10
48 48 3 1    1.325100E-10
48 48 4 1    4.548194E-11
48 48 5 1    1.296574E-11
48 48 6 1    2.946494E-12
48 48 7 1    1.955844E-12
48 48 8 1    5.417453E-13
48 48 9 1    1.429724E-13
48 48 10 1    3.262554E-14
48 48 11 1    7.275483E-15
 
49 49 1 1    4.722701E-10
49 49 2 1    2.729100E-10
49 49 3 1    1.025894E-10
49 49 4 1    3.292989E-11
49 49 5 1    9.515970E-12
49 49 6 1    2.389249E-12
49 49 7 1    1.602151E-12
49 49 8 1    4.764765E-13
49 49 9 1    1.335236E-13
49 49 10 1    3.178607E-14
49 49 11 1    7.215138E-15
 
50 50 1 1    4.295750E-10
50 50 2 1    2.434438E-10
50 50 3 1    8.666202E-11
50 50 4 1    2.609917E-11
50 50 5 1    7.513306E-12
50 50 6 1    2.033438E-12
50 50 7 1    1.375276E-12
50 50 8 1    4.324633E-13
50 50 9 1    1.268473E-13
50 50 10 1    3.116710E-14
50 50 11 1    7.169713E-15
 
51 51 1 1    6.305111E-10
51 51 2 1    3.784041E-10
51 51 3 1    1.524828E-10
51 51 4 1    4.810950E-11
51 51 5 1    1.181376E-11
51 51 6 1    2.376966E-12
51 51 7 1    1.582840E-12
51 51 8 1    4.490441E-13
51 51 9 1    1.261515E-13
51 51 10 1    3.084747E-14
51 51 11 1    7.140870E-15
 
52 52 1 1    8.003567E-10
52 52 2 1    4.850963E-10
52 52 3 1    1.980648E-10
52 52 4 1    6.067605E-11
52 52 5 1    1.336916E-11
52 52 6 1    2.346390E-12
52 52 7 1    1.558367E-12
52 52 8 1    4.340651E-13
52 52 9 1    1.228993E-13
52 52 10 1    3.050368E-14
52 52 11 1    7.117234E-15
 
53 53 1 1    9.754913E-10
53 53 2 1    5.966277E-10
53 53 3 1    2.462605E-10
53 53 4 1    7.380161E-11
53 53 5 1    1.542871E-11
53 53 6 1    2.633888E-12
53 53 7 1    1.744420E-12
53 53 8 1    4.758153E-13
53 53 9 1    1.301066E-13
53 53 10 1    3.121618E-14
53 53 11 1    7.167629E-15
 
54 54 1 1    8.694383E-10
54 54 2 1    5.549647E-10
54 54 3 1    2.565432E-10
54 54 4 1    9.395837E-11
54 54 5 1    2.528912E-11
54 54 6 1    4.735822E-12
54 54 7 1    3.083843E-12
54 54 8 1    7.338600E-13
54 54 9 1    1.679641E-13
54 54 10 1    3.452368E-14
54 54 11 1    7.394161E-15
 
55 55 1 1    7.373320E-10
55 55 2 1    4.771005E-10
55 55 3 1    2.281148E-10
55 55 4 1    8.843214E-11
55 55 5 1    2.570020E-11
55 55 6 1    5.144956E-12
55 55 7 1    3.351718E-12
55 55 8 1    8.002516E-13
55 55 9 1    1.797845E-13
55 55 10 1    3.575165E-14
55 55 11 1    7.487401E-15
 
56 56 1 1    6.123979E-10
56 56 2 1    3.946111E-10
56 56 3 1    1.878516E-10
56 56 4 1    7.339361E-11
56 56 5 1    2.187214E-11
56 56 6 1    4.593839E-12
56 56 7 1    3.004918E-12
56 56 8 1    7.424993E-13
56 56 9 1    1.725426E-13
56 56 10 1    3.523705E-14
56 56 11 1    7.457651E-15
 
57 57 1 1    5.221276E-10
57 57 2 1    3.257550E-10
57 57 3 1    1.465396E-10
57 57 4 1    5.580706E-11
57 57 5 1    1.688628E-11
57 57 6 1    3.761249E-12
57 57 7 1    2.476922E-12
57 57 8 1    6.460507E-13
57 57 9 1    1.590226E-13
57 57 10 1    3.411378E-14
57 57 11 1    7.382905E-15
 
58 58 1 1    4.704479E-10
58 58 2 1    2.808576E-10
58 58 3 1    1.151644E-10
58 58 4 1    4.109836E-11
58 58 5 1    1.249083E-11
58 58 6 1    2.995257E-12
58 58 7 1    1.990032E-12
58 58 8 1    5.547631E-13
58 58 9 1    1.457962E-13
58 58 10 1    3.296092E-14
58 58 11 1    7.302622E-15
 
59 59 1 1    4.375180E-10
59 59 2 1    2.536157E-10
59 59 3 1    9.662463E-11
59 59 4 1    3.214112E-11
59 59 5 1    9.724254E-12
59 59 6 1    2.497069E-12
59 59 7 1    1.672710E-12
59 59 8 1    4.939036E-13
59 59 9 1    1.367268E-13
59 59 10 1    3.213973E-14
59 59 11 1    7.243456E-15
 
60 60 1 1    4.158800E-10
60 60 2 1    2.365098E-10
60 60 3 1    8.527342E-11
60 60 4 1    2.639436E-11
60 60 5 1    7.818911E-12
60 60 6 1    2.128116E-12
60 60 7 1    1.436943E-12
60 60 8 1    4.471103E-13
60 60 9 1    1.295227E-13
60 60 10 1    3.146630E-14
60 60 11 1    7.194078E-15
 
61 61 1 1    6.181173E-10
61 61 2 1    3.695848E-10
61 61 3 1    1.476042E-10
61 61 4 1    4.604896E-11
61 61 5 1    1.119507E-11
61 61 6 1    2.264322E-12
61 61 7 1    1.511175E-12
61 61 8 1    4.354754E-13
61 61 9 1    1.241874E-13
61 61 10 1    3.067941E-14
61 61 11 1    7.129630E-15
 
62 62 1 1    7.783036E-10
62 62 2 1    4.706570E-10
62 62 3 1    1.911901E-10
62 62 4 1    5.824634E-11
62 62 5 1    1.281095E-11
62 62 6 1    2.281682E-12
62 62 7 1    1.518247E-12
62 62 8 1    4.286348E-13
62 62 9 1    1.224243E-13
62 62 10 1    3.049072E-14
62 62 11 1    7.117318E-15
 
63 63 1 1    9.244035E-10
63 63 2 1    5.621142E-10
63 63 3 1    2.288223E-10
63 63 4 1    6.727946E-11
63 63 5 1    1.389032E-11
63 63 6 1    2.456866E-12
63 63 7 1    1.634572E-12
63 63 8 1    4.607518E-13
63 63 9 1    1.287318E-13
63 63 10 1    3.117386E-14
63 63 11 1    7.168057E-15
 
64 64 1 1    7.500361E-10
64 64 2 1    4.721326E-10
64 64 3 1    2.127463E-10
64 64 4 1    7.663115E-11
64 64 5 1    2.068064E-11
64 64 6 1    4.038473E-12
64 64 7 1    2.644015E-12
64 64 8 1    6.585087E-13
64 64 9 1    1.582058E-13
64 64 10 1    3.380101E-14
64 64 11 1    7.350970E-15
 
65 65 1 1    6.055645E-10
65 65 2 1    3.856782E-10
65 65 3 1    1.798476E-10
65 65 4 1    6.936914E-11
65 65 5 1    2.057068E-11
65 65 6 1    4.341731E-12
65 65 7 1    2.844039E-12
65 65 8 1    7.110344E-13
65 65 9 1    1.678390E-13
65 65 10 1    3.481998E-14
65 65 11 1    7.428797E-15
 
66 66 1 1    4.994238E-10
66 66 2 1    3.174066E-10
66 66 3 1    1.480155E-10
66 66 4 1    5.789052E-11
66 66 5 1    1.774257E-11
66 66 6 1    3.953544E-12
66 66 7 1    2.600343E-12
66 66 8 1    6.716558E-13
66 66 9 1    1.630708E-13
66 66 10 1    3.449540E-14
66 66 11 1    7.410395E-15
 
67 67 1 1    4.333164E-10
67 67 2 1    2.677094E-10
67 67 3 1    1.187209E-10
67 67 4 1    4.553850E-11
67 67 5 1    1.425977E-11
67 67 6 1    3.372356E-12
67 67 7 1    2.231687E-12
67 67 8 1    6.041277E-13
67 67 9 1    1.535594E-13
67 67 10 1    3.369808E-14
67 67 11 1    7.356635E-15
 
68 68 1 1    4.114590E-10
68 68 2 1    2.442050E-10
68 68 3 1    9.931373E-11
68 68 4 1    3.582466E-11
68 68 5 1    1.126287E-11
68 68 6 1    2.833089E-12
68 68 7 1    1.888406E-12
68 68 8 1    5.387205E-13
68 68 9 1    1.439397E-13
68 68 10 1    3.284749E-14
68 68 11 1    7.296800E-15
 
69 69 1 1    4.044001E-10
69 69 2 1    2.338442E-10
69 69 3 1    8.892285E-11
69 69 4 1    2.996043E-11
69 69 5 1    9.309783E-12
69 69 6 1    2.460852E-12
69 69 7 1    1.650844E-12
69 69 8 1    4.921988E-13
69 69 9 1    1.368942E-13
69 69 10 1    3.220217E-14
69 69 11 1    7.250090E-15
 
70 70 1 1    4.010718E-10
70 70 2 1    2.279411E-10
70 70 3 1    8.230618E-11
70 70 4 1    2.580247E-11
70 70 5 1    7.791190E-12
70 70 6 1    2.149580E-12
70 70 7 1    1.451612E-12
70 70 8 1    4.519926E-13
70 70 9 1    1.306333E-13
70 70 10 1    3.161320E-14
70 70 11 1    7.206901E-15
 
71 71 1 1    5.737797E-10
71 71 2 1    3.386089E-10
71 71 3 1    1.313774E-10
71 71 4 1    4.002320E-11
71 71 5 1    9.728068E-12
71 71 6 1    2.060159E-12
71 71 7 1    1.382580E-12
71 71 8 1    4.137972E-13
71 71 9 1    1.213082E-13
71 71 10 1    3.043716E-14
71 71 11 1    7.111661E-15
 
72 72 1 1    7.195388E-10
72 72 2 1    4.298046E-10
72 72 3 1    1.699061E-10
72 72 4 1    5.050839E-11
72 72 5 1    1.111997E-11
72 72 6 1    2.101484E-12
72 72 7 1    1.406440E-12
72 72 8 1    4.133162E-13
72 72 9 1    1.208722E-13
72 72 10 1    3.039334E-14
72 72 11 1    7.109864E-15
 
73 73 1 1    8.730039E-10
73 73 2 1    5.227486E-10
73 73 3 1    2.054761E-10
73 73 4 1    5.825246E-11
73 73 5 1    1.193937E-11
73 73 6 1    2.244763E-12
73 73 7 1    1.502057E-12
73 73 8 1    4.406670E-13
73 73 9 1    1.263630E-13
73 73 10 1    3.100644E-14
73 73 11 1    7.157035E-15
 
74 74 1 1    6.662372E-10
74 74 2 1    4.064615E-10
74 74 3 1    1.717252E-10
74 74 4 1    5.863409E-11
74 74 5 1    1.560701E-11
74 74 6 1    3.224768E-12
74 74 7 1    2.129142E-12
74 74 8 1    5.668338E-13
74 74 9 1    1.456804E-13
74 74 10 1    3.278567E-14
74 74 11 1    7.283971E-15
 
75 75 1 1    5.298234E-10
75 75 2 1    3.240793E-10
75 75 3 1    1.399116E-10
75 75 4 1    5.154748E-11
75 75 5 1    1.538921E-11
75 75 6 1    3.461559E-12
75 75 7 1    2.285458E-12
75 75 8 1    6.081436E-13
75 75 9 1    1.532639E-13
75 75 10 1    3.358953E-14
75 75 11 1    7.345573E-15
 
76 76 1 1    4.483860E-10
76 76 2 1    2.737293E-10
76 76 3 1    1.182686E-10
76 76 4 1    4.437959E-11
76 76 5 1    1.378132E-11
76 76 6 1    3.269583E-12
76 76 7 1    2.165821E-12
76 76 8 1    5.906600E-13
76 76 9 1    1.514462E-13
76 76 10 1    3.349892E-14
76 76 11 1    7.342148E-15
 
77 77 1 1    4.007966E-10
77 77 2 1    2.400208E-10
77 77 3 1    9.992157E-11
77 77 4 1    3.697754E-11
77 77 5 1    1.174035E-11
77 77 6 1    2.935012E-12
77 77 7 1    1.953757E-12
77 77 8 1    5.521452E-13
77 77 9 1    1.460732E-13
77 77 10 1    3.305356E-14
77 77 11 1    7.312121E-15
 
78 78 1 1    3.909516E-10
78 78 2 1    2.277032E-10
78 78 3 1    8.874978E-11
78 78 4 1    3.113227E-11
78 78 5 1    9.889385E-12
78 78 6 1    2.595573E-12
78 78 7 1    1.737549E-12
78 78 8 1    5.106805E-13
78 78 9 1    1.399474E-13
78 78 10 1    3.251055E-14
78 78 11 1    7.273756E-15
 
79 79 1 1    3.927334E-10
79 79 2 1    2.246721E-10
79 79 3 1    8.324905E-11
79 79 4 1    2.751291E-11
79 79 5 1    8.602299E-12
79 79 6 1    2.340606E-12
79 79 7 1    1.574643E-12
79 79 8 1    4.783973E-13
79 79 9 1    1.350184E-13
79 79 10 1    3.205722E-14
79 79 11 1    7.240873E-15
 
80 80 1 1    3.965838E-10
80 80 2 1    2.242009E-10
80 80 3 1    7.989816E-11
80 80 4 1    2.479118E-11
80 80 5 1    7.509631E-12
80 80 6 1    2.105508E-12
80 80 7 1    1.423966E-12
80 80 8 1    4.475771E-13
80 80 9 1    1.301778E-13
80 80 10 1    3.160054E-14
80 80 11 1    7.207471E-15
 
81 81 1 1    5.111148E-10
81 81 2 1    2.968167E-10
81 81 3 1    1.109998E-10
81 81 4 1    3.289634E-11
81 81 5 1    8.143225E-12
81 81 6 1    1.870437E-12
81 81 7 1    1.263771E-12
81 81 8 1    3.952011E-13
81 81 9 1    1.189811E-13
81 81 10 1    3.024397E-14
81 81 11 1    7.096343E-15
 
82 82 1 1    5.895174E-10
82 82 2 1    3.440708E-10
82 82 3 1    1.293455E-10
82 82 4 1    3.734075E-11
82 82 5 1    8.635831E-12
82 82 6 1    1.882134E-12
82 82 7 1    1.270918E-12
82 82 8 1    3.959588E-13
82 82 9 1    1.191736E-13
82 82 10 1    3.027942E-14
82 82 11 1    7.100013E-15
 
83 83 1 1    6.650852E-10
83 83 2 1    3.882317E-10
83 83 3 1    1.450330E-10
83 83 4 1    4.067312E-11
83 83 5 1    9.158077E-12
83 83 6 1    2.021170E-12
83 83 7 1    1.362622E-12
83 83 8 1    4.200510E-13
83 83 9 1    1.237598E-13
83 83 10 1    3.078256E-14
83 83 11 1    7.139149E-15
 
84 84 1 1    5.547637E-10
84 84 2 1    3.269632E-10
84 84 3 1    1.279982E-10
84 84 4 1    4.128028E-11
84 84 5 1    1.119218E-11
84 84 6 1    2.574308E-12
84 84 7 1    1.717887E-12
84 84 8 1    4.942634E-13
84 84 9 1    1.356333E-13
84 84 10 1    3.193317E-14
84 84 11 1    7.224254E-15
 
85 85 1 1    4.773663E-10
85 85 2 1    2.817320E-10
85 85 3 1    1.122101E-10
85 85 4 1    3.877368E-11
85 85 5 1    1.160516E-11
85 85 6 1    2.810271E-12
85 85 7 1    1.871577E-12
85 85 8 1    5.307482E-13
85 85 9 1    1.420351E-13
85 85 10 1    3.260323E-14
85 85 11 1    7.276069E-15
 
86 86 1 1    4.266482E-10
86 86 2 1    2.515815E-10
86 86 3 1    1.004713E-10
86 86 4 1    3.541029E-11
86 86 5 1    1.098816E-11
86 86 6 1    2.763752E-12
86 86 7 1    1.843697E-12
86 86 8 1    5.290197E-13
86 86 9 1    1.423243E-13
86 86 10 1    3.268442E-14
86 86 11 1    7.284312E-15
 
87 87 1 1    3.950232E-10
87 87 2 1    2.302574E-10
87 87 3 1    8.976902E-11
87 87 4 1    3.135720E-11
87 87 5 1    9.912231E-12
87 87 6 1    2.593410E-12
87 87 7 1    1.735971E-12
87 87 8 1    5.099626E-13
87 87 9 1    1.397689E-13
87 87 10 1    3.248617E-14
87 87 11 1    7.271571E-15
 
88 88 1 1    3.897165E-10
88 88 2 1    2.233268E-10
88 88 3 1    8.331407E-11
88 88 4 1    2.790401E-11
88 88 5 1    8.794165E-12
88 88 6 1    2.385285E-12
88 88 7 1    1.603396E-12
88 88 8 1    4.845213E-13
88 88 9 1    1.360285E-13
88 88 10 1    3.215889E-14
88 88 11 1    7.248641E-15
 
89 89 1 1    3.926335E-10
89 89 2 1    2.225617E-10
89 89 3 1    8.028941E-11
89 89 4 1    2.566222E-11
89 89 5 1    7.948657E-12
89 89 6 1    2.211834E-12
89 89 7 1    1.492480E-12
89 89 8 1    4.623498E-13
89 89 9 1    1.326310E-13
89 89 10 1    3.184728E-14
89 89 11 1    7.226112E-15
 
90 90 1 1    3.970626E-10
90 90 2 1    2.235005E-10
90 90 3 1    7.858378E-11
90 90 4 1    2.390354E-11
90 90 5 1    7.178041E-12
90 90 6 1    2.038073E-12
90 90 7 1    1.380973E-12
90 90 8 1    4.392531E-13
90 90 9 1    1.289778E-13
90 90 10 1    3.150272E-14
90 90 11 1    7.201055E-15
 
91 91 1 1    4.511429E-10
91 91 2 1    2.576994E-10
91 91 3 1    9.270385E-11
91 91 4 1    2.680388E-11
91 91 5 1    6.882807E-12
91 91 6 1    1.734501E-12
91 91 7 1    1.178955E-12
91 91 8 1    3.825767E-13
91 91 9 1    1.174761E-13
91 91 10 1    3.012219E-14
91 91 11 1    7.086193E-15
 
92 92 1 1    4.693032E-10
92 92 2 1    2.669300E-10
92 92 3 1    9.485740E-11
92 92 4 1    2.694840E-11
92 92 5 1    6.851338E-12
92 92 6 1    1.741624E-12
92 92 7 1    1.184329E-12
92 92 8 1    3.853407E-13
92 92 9 1    1.181767E-13
92 92 10 1    3.021316E-14
92 92 11 1    7.093702E-15
 
93 93 1 1    4.728173E-10
93 93 2 1    2.685210E-10
93 93 3 1    9.518260E-11
93 93 4 1    2.721201E-11
93 93 5 1    7.103981E-12
93 93 6 1    1.843289E-12
93 93 7 1    1.251054E-12
93 93 8 1    4.022106E-13
93 93 9 1    1.213197E-13
93 93 10 1    3.055831E-14
93 93 11 1    7.120925E-15
 
94 94 1 1    4.565052E-10
94 94 2 1    2.604006E-10
94 94 3 1    9.422518E-11
94 94 4 1    2.864616E-11
94 94 5 1    8.075428E-12
94 94 6 1    2.104968E-12
94 94 7 1    1.420166E-12
94 94 8 1    4.396844E-13
94 94 9 1    1.277078E-13
94 94 10 1    3.122109E-14
94 94 11 1    7.172358E-15
 
95 95 1 1    4.340836E-10
95 95 2 1    2.489071E-10
95 95 3 1    9.189977E-11
95 95 4 1    2.931524E-11
95 95 5 1    8.718679E-12
95 95 6 1    2.292840E-12
95 95 7 1    1.541925E-12
95 95 8 1    4.673698E-13
95 95 9 1    1.325451E-13
95 95 10 1    3.173772E-14
95 95 11 1    7.213393E-15
 
96 96 1 1    4.117254E-10
96 96 2 1    2.363240E-10
96 96 3 1    8.780056E-11
96 96 4 1    2.855860E-11
96 96 5 1    8.712342E-12
96 96 6 1    2.328466E-12
96 96 7 1    1.565804E-12
96 96 8 1    4.744090E-13
96 96 9 1    1.340155E-13
96 96 10 1    3.191895E-14
96 96 11 1    7.228792E-15
 
97 97 1 1    3.956349E-10
97 97 2 1    2.258560E-10
97 97 3 1    8.294880E-11
97 97 4 1    2.690544E-11
97 97 5 1    8.313294E-12
97 97 6 1    2.273164E-12
97 97 7 1    1.531237E-12
97 97 8 1    4.691441E-13
97 97 9 1    1.334953E-13
97 97 10 1    3.190496E-14
97 97 11 1    7.229381E-15
 
98 98 1 1    3.937694E-10
98 98 2 1    2.228680E-10
98 98 3 1    7.992059E-11
98 98 4 1    2.523185E-11
98 98 5 1    7.754802E-12
98 98 6 1    2.167645E-12
98 98 7 1    1.464096E-12
98 98 8 1    4.564148E-13
98 98 9 1    1.316803E-13
98 98 10 1    3.175621E-14
98 98 11 1    7.219539E-15
 
99 99 1 1    3.960863E-10
99 99 2 1    2.229865E-10
99 99 3 1    7.853648E-11
99 99 4 1    2.404934E-11
99 99 5 1    7.272488E-12
99 99 6 1    2.063788E-12
99 99 7 1    1.397625E-12
99 99 8 1    4.430108E-13
99 99 9 1    1.296299E-13
99 99 10 1    3.157148E-14
99 99 11 1    7.206421E-15
 
100 100 1 1    3.991329E-10
100 100 2 1    2.239918E-10
100 100 3 1    7.783544E-11
100 100 4 1    2.307090E-11
100 100 5 1    6.792493E-12
100 100 6 1    1.948236E-12
100 100 7 1    1.323342E-12
100 100 8 1    4.273578E-13
100 100 9 1    1.271341E-13
100 100 10 1    3.133724E-14
100 100 11 1    7.189590E-15
 
