1 1 1 1
1 1 2 1
1 1 3 1
1 1 4 1
1 1 5 1
1 1 6 1
1 1 7 1
1 1 8 1
1 1 9 1
1 1 10 1
1 1 11 1
2 2 1 1
2 2 2 1
2 2 3 1
2 2 4 1
2 2 5 1
2 2 6 1
2 2 7 1
2 2 8 1
2 2 9 1
2 2 10 1
2 2 11 1
3 3 1 1
3 3 2 1
3 3 3 1
3 3 4 1
3 3 5 1
3 3 6 1
3 3 7 1
3 3 8 1
3 3 9 1
3 3 10 1
3 3 11 1
4 4 1 1
4 4 2 1
4 4 3 1
4 4 4 1
4 4 5 1
4 4 6 1
4 4 7 1
4 4 8 1
4 4 9 1
4 4 10 1
4 4 11 1
5 5 1 1
5 5 2 1
5 5 3 1
5 5 4 1
5 5 5 1
5 5 6 1
5 5 7 1
5 5 8 1
5 5 9 1
5 5 10 1
5 5 11 1
6 6 1 1
6 6 2 1
6 6 3 1
6 6 4 1
6 6 5 1
6 6 6 1
6 6 7 1
6 6 8 1
6 6 9 1
6 6 10 1
6 6 11 1
7 7 1 1
7 7 2 1
7 7 3 1
7 7 4 1
7 7 5 1
7 7 6 1
7 7 7 1
7 7 8 1
7 7 9 1
7 7 10 1
7 7 11 1
8 8 1 1
8 8 2 1
8 8 3 1
8 8 4 1
8 8 5 1
8 8 6 1
8 8 7 1
8 8 8 1
8 8 9 1
8 8 10 1
8 8 11 1
9 9 1 1
9 9 2 1
9 9 3 1
9 9 4 1
9 9 5 1
9 9 6 1
9 9 7 1
9 9 8 1
9 9 9 1
9 9 10 1
9 9 11 1
10 10 1 1
10 10 2 1
10 10 3 1
10 10 4 1
10 10 5 1
10 10 6 1
10 10 7 1
10 10 8 1
10 10 9 1
10 10 10 1
10 10 11 1
11 11 1 1
11 11 2 1
11 11 3 1
11 11 4 1
11 11 5 1
11 11 6 1
11 11 7 1
11 11 8 1
11 11 9 1
11 11 10 1
11 11 11 1
12 12 1 1
12 12 2 1
12 12 3 1
12 12 4 1
12 12 5 1
12 12 6 1
12 12 7 1
12 12 8 1
12 12 9 1
12 12 10 1
12 12 11 1
13 13 1 1
13 13 2 1
13 13 3 1
13 13 4 1
13 13 5 1
13 13 6 1
13 13 7 1
13 13 8 1
13 13 9 1
13 13 10 1
13 13 11 1
14 14 1 1
14 14 2 1
14 14 3 1
14 14 4 1
14 14 5 1
14 14 6 1
14 14 7 1
14 14 8 1
14 14 9 1
14 14 10 1
14 14 11 1
15 15 1 1
15 15 2 1
15 15 3 1
15 15 4 1
15 15 5 1
15 15 6 1
15 15 7 1
15 15 8 1
15 15 9 1
15 15 10 1
15 15 11 1
16 16 1 1
16 16 2 1
16 16 3 1
16 16 4 1
16 16 5 1
16 16 6 1
16 16 7 1
16 16 8 1
16 16 9 1
16 16 10 1
16 16 11 1
17 17 1 1
17 17 2 1
17 17 3 1
17 17 4 1
17 17 5 1
17 17 6 1
17 17 7 1
17 17 8 1
17 17 9 1
17 17 10 1
17 17 11 1
18 18 1 1
18 18 2 1
18 18 3 1
18 18 4 1
18 18 5 1
18 18 6 1
18 18 7 1
18 18 8 1
18 18 9 1
18 18 10 1
18 18 11 1
19 19 1 1
19 19 2 1
19 19 3 1
19 19 4 1
19 19 5 1
19 19 6 1
19 19 7 1
19 19 8 1
19 19 9 1
19 19 10 1
19 19 11 1
20 20 1 1
20 20 2 1
20 20 3 1
20 20 4 1
20 20 5 1
20 20 6 1
20 20 7 1
20 20 8 1
20 20 9 1
20 20 10 1
20 20 11 1
21 21 1 1
21 21 2 1
21 21 3 1
21 21 4 1
21 21 5 1
21 21 6 1
21 21 7 1
21 21 8 1
21 21 9 1
21 21 10 1
21 21 11 1
22 22 1 1
22 22 2 1
22 22 3 1
22 22 4 1
22 22 5 1
22 22 6 1
22 22 7 1
22 22 8 1
22 22 9 1
22 22 10 1
22 22 11 1
23 23 1 1
23 23 2 1
23 23 3 1
23 23 4 1
23 23 5 1
23 23 6 1
23 23 7 1
23 23 8 1
23 23 9 1
23 23 10 1
23 23 11 1
24 24 1 1
24 24 2 1
24 24 3 1
24 24 4 1
24 24 5 1
24 24 6 1
24 24 7 1
24 24 8 1
24 24 9 1
24 24 10 1
24 24 11 1
25 25 1 1
25 25 2 1
25 25 3 1
25 25 4 1
25 25 5 1
25 25 6 1
25 25 7 1
25 25 8 1
25 25 9 1
25 25 10 1
25 25 11 1
26 26 1 1
26 26 2 1
26 26 3 1
26 26 4 1
26 26 5 1
26 26 6 1
26 26 7 1
26 26 8 1
26 26 9 1
26 26 10 1
26 26 11 1
27 27 1 1
27 27 2 1
27 27 3 1
27 27 4 1
27 27 5 1
27 27 6 1
27 27 7 1
27 27 8 1
27 27 9 1
27 27 10 1
27 27 11 1
28 28 1 1
28 28 2 1
28 28 3 1
28 28 4 1
28 28 5 1
28 28 6 1
28 28 7 1
28 28 8 1
28 28 9 1
28 28 10 1
28 28 11 1
29 29 1 1
29 29 2 1
29 29 3 1
29 29 4 1
29 29 5 1
29 29 6 1
29 29 7 1
29 29 8 1
29 29 9 1
29 29 10 1
29 29 11 1
30 30 1 1
30 30 2 1
30 30 3 1
30 30 4 1
30 30 5 1
30 30 6 1
30 30 7 1
30 30 8 1
30 30 9 1
30 30 10 1
30 30 11 1
31 31 1 1
31 31 2 1
31 31 3 1
31 31 4 1
31 31 5 1
31 31 6 1
31 31 7 1
31 31 8 1
31 31 9 1
31 31 10 1
31 31 11 1
32 32 1 1
32 32 2 1
32 32 3 1
32 32 4 1
32 32 5 1
32 32 6 1
32 32 7 1
32 32 8 1
32 32 9 1
32 32 10 1
32 32 11 1
33 33 1 1
33 33 2 1
33 33 3 1
33 33 4 1
33 33 5 1
33 33 6 1
33 33 7 1
33 33 8 1
33 33 9 1
33 33 10 1
33 33 11 1
34 34 1 1
34 34 2 1
34 34 3 1
34 34 4 1
34 34 5 1
34 34 6 1
34 34 7 1
34 34 8 1
34 34 9 1
34 34 10 1
34 34 11 1
35 35 1 1
35 35 2 1
35 35 3 1
35 35 4 1
35 35 5 1
35 35 6 1
35 35 7 1
35 35 8 1
35 35 9 1
35 35 10 1
35 35 11 1
36 36 1 1
36 36 2 1
36 36 3 1
36 36 4 1
36 36 5 1
36 36 6 1
36 36 7 1
36 36 8 1
36 36 9 1
36 36 10 1
36 36 11 1
37 37 1 1
37 37 2 1
37 37 3 1
37 37 4 1
37 37 5 1
37 37 6 1
37 37 7 1
37 37 8 1
37 37 9 1
37 37 10 1
37 37 11 1
38 38 1 1
38 38 2 1
38 38 3 1
38 38 4 1
38 38 5 1
38 38 6 1
38 38 7 1
38 38 8 1
38 38 9 1
38 38 10 1
38 38 11 1
39 39 1 1
39 39 2 1
39 39 3 1
39 39 4 1
39 39 5 1
39 39 6 1
39 39 7 1
39 39 8 1
39 39 9 1
39 39 10 1
39 39 11 1
40 40 1 1
40 40 2 1
40 40 3 1
40 40 4 1
40 40 5 1
40 40 6 1
40 40 7 1
40 40 8 1
40 40 9 1
40 40 10 1
40 40 11 1
41 41 1 1
41 41 2 1
41 41 3 1
41 41 4 1
41 41 5 1
41 41 6 1
41 41 7 1
41 41 8 1
41 41 9 1
41 41 10 1
41 41 11 1
42 42 1 1
42 42 2 1
42 42 3 1
42 42 4 1
42 42 5 1
42 42 6 1
42 42 7 1
42 42 8 1
42 42 9 1
42 42 10 1
42 42 11 1
43 43 1 1
43 43 2 1
43 43 3 1
43 43 4 1
43 43 5 1
43 43 6 1
43 43 7 1
43 43 8 1
43 43 9 1
43 43 10 1
43 43 11 1
44 44 1 1
44 44 2 1
44 44 3 1
44 44 4 1
44 44 5 1
44 44 6 1
44 44 7 1
44 44 8 1
44 44 9 1
44 44 10 1
44 44 11 1
45 45 1 1
45 45 2 1
45 45 3 1
45 45 4 1
45 45 5 1
45 45 6 1
45 45 7 1
45 45 8 1
45 45 9 1
45 45 10 1
45 45 11 1
46 46 1 1
46 46 2 1
46 46 3 1
46 46 4 1
46 46 5 1
46 46 6 1
46 46 7 1
46 46 8 1
46 46 9 1
46 46 10 1
46 46 11 1
47 47 1 1
47 47 2 1
47 47 3 1
47 47 4 1
47 47 5 1
47 47 6 1
47 47 7 1
47 47 8 1
47 47 9 1
47 47 10 1
47 47 11 1
48 48 1 1
48 48 2 1
48 48 3 1
48 48 4 1
48 48 5 1
48 48 6 1
48 48 7 1
48 48 8 1
48 48 9 1
48 48 10 1
48 48 11 1
49 49 1 1
49 49 2 1
49 49 3 1
49 49 4 1
49 49 5 1
49 49 6 1
49 49 7 1
49 49 8 1
49 49 9 1
49 49 10 1
49 49 11 1
50 50 1 1
50 50 2 1
50 50 3 1
50 50 4 1
50 50 5 1
50 50 6 1
50 50 7 1
50 50 8 1
50 50 9 1
50 50 10 1
50 50 11 1
51 51 1 1
51 51 2 1
51 51 3 1
51 51 4 1
51 51 5 1
51 51 6 1
51 51 7 1
51 51 8 1
51 51 9 1
51 51 10 1
51 51 11 1
52 52 1 1
52 52 2 1
52 52 3 1
52 52 4 1
52 52 5 1
52 52 6 1
52 52 7 1
52 52 8 1
52 52 9 1
52 52 10 1
52 52 11 1
53 53 1 1
53 53 2 1
53 53 3 1
53 53 4 1
53 53 5 1
53 53 6 1
53 53 7 1
53 53 8 1
53 53 9 1
53 53 10 1
53 53 11 1
54 54 1 1
54 54 2 1
54 54 3 1
54 54 4 1
54 54 5 1
54 54 6 1
54 54 7 1
54 54 8 1
54 54 9 1
54 54 10 1
54 54 11 1
55 55 1 1
55 55 2 1
55 55 3 1
55 55 4 1
55 55 5 1
55 55 6 1
55 55 7 1
55 55 8 1
55 55 9 1
55 55 10 1
55 55 11 1
56 56 1 1
56 56 2 1
56 56 3 1
56 56 4 1
56 56 5 1
56 56 6 1
56 56 7 1
56 56 8 1
56 56 9 1
56 56 10 1
56 56 11 1
57 57 1 1
57 57 2 1
57 57 3 1
57 57 4 1
57 57 5 1
57 57 6 1
57 57 7 1
57 57 8 1
57 57 9 1
57 57 10 1
57 57 11 1
58 58 1 1
58 58 2 1
58 58 3 1
58 58 4 1
58 58 5 1
58 58 6 1
58 58 7 1
58 58 8 1
58 58 9 1
58 58 10 1
58 58 11 1
59 59 1 1
59 59 2 1
59 59 3 1
59 59 4 1
59 59 5 1
59 59 6 1
59 59 7 1
59 59 8 1
59 59 9 1
59 59 10 1
59 59 11 1
60 60 1 1
60 60 2 1
60 60 3 1
60 60 4 1
60 60 5 1
60 60 6 1
60 60 7 1
60 60 8 1
60 60 9 1
60 60 10 1
60 60 11 1
61 61 1 1
61 61 2 1
61 61 3 1
61 61 4 1
61 61 5 1
61 61 6 1
61 61 7 1
61 61 8 1
61 61 9 1
61 61 10 1
61 61 11 1
62 62 1 1
62 62 2 1
62 62 3 1
62 62 4 1
62 62 5 1
62 62 6 1
62 62 7 1
62 62 8 1
62 62 9 1
62 62 10 1
62 62 11 1
63 63 1 1
63 63 2 1
63 63 3 1
63 63 4 1
63 63 5 1
63 63 6 1
63 63 7 1
63 63 8 1
63 63 9 1
63 63 10 1
63 63 11 1
64 64 1 1
64 64 2 1
64 64 3 1
64 64 4 1
64 64 5 1
64 64 6 1
64 64 7 1
64 64 8 1
64 64 9 1
64 64 10 1
64 64 11 1
65 65 1 1
65 65 2 1
65 65 3 1
65 65 4 1
65 65 5 1
65 65 6 1
65 65 7 1
65 65 8 1
65 65 9 1
65 65 10 1
65 65 11 1
66 66 1 1
66 66 2 1
66 66 3 1
66 66 4 1
66 66 5 1
66 66 6 1
66 66 7 1
66 66 8 1
66 66 9 1
66 66 10 1
66 66 11 1
67 67 1 1
67 67 2 1
67 67 3 1
67 67 4 1
67 67 5 1
67 67 6 1
67 67 7 1
67 67 8 1
67 67 9 1
67 67 10 1
67 67 11 1
68 68 1 1
68 68 2 1
68 68 3 1
68 68 4 1
68 68 5 1
68 68 6 1
68 68 7 1
68 68 8 1
68 68 9 1
68 68 10 1
68 68 11 1
69 69 1 1
69 69 2 1
69 69 3 1
69 69 4 1
69 69 5 1
69 69 6 1
69 69 7 1
69 69 8 1
69 69 9 1
69 69 10 1
69 69 11 1
70 70 1 1
70 70 2 1
70 70 3 1
70 70 4 1
70 70 5 1
70 70 6 1
70 70 7 1
70 70 8 1
70 70 9 1
70 70 10 1
70 70 11 1
71 71 1 1
71 71 2 1
71 71 3 1
71 71 4 1
71 71 5 1
71 71 6 1
71 71 7 1
71 71 8 1
71 71 9 1
71 71 10 1
71 71 11 1
72 72 1 1
72 72 2 1
72 72 3 1
72 72 4 1
72 72 5 1
72 72 6 1
72 72 7 1
72 72 8 1
72 72 9 1
72 72 10 1
72 72 11 1
73 73 1 1
73 73 2 1
73 73 3 1
73 73 4 1
73 73 5 1
73 73 6 1
73 73 7 1
73 73 8 1
73 73 9 1
73 73 10 1
73 73 11 1
74 74 1 1
74 74 2 1
74 74 3 1
74 74 4 1
74 74 5 1
74 74 6 1
74 74 7 1
74 74 8 1
74 74 9 1
74 74 10 1
74 74 11 1
75 75 1 1
75 75 2 1
75 75 3 1
75 75 4 1
75 75 5 1
75 75 6 1
75 75 7 1
75 75 8 1
75 75 9 1
75 75 10 1
75 75 11 1
76 76 1 1
76 76 2 1
76 76 3 1
76 76 4 1
76 76 5 1
76 76 6 1
76 76 7 1
76 76 8 1
76 76 9 1
76 76 10 1
76 76 11 1
77 77 1 1
77 77 2 1
77 77 3 1
77 77 4 1
77 77 5 1
77 77 6 1
77 77 7 1
77 77 8 1
77 77 9 1
77 77 10 1
77 77 11 1
78 78 1 1
78 78 2 1
78 78 3 1
78 78 4 1
78 78 5 1
78 78 6 1
78 78 7 1
78 78 8 1
78 78 9 1
78 78 10 1
78 78 11 1
79 79 1 1
79 79 2 1
79 79 3 1
79 79 4 1
79 79 5 1
79 79 6 1
79 79 7 1
79 79 8 1
79 79 9 1
79 79 10 1
79 79 11 1
80 80 1 1
80 80 2 1
80 80 3 1
80 80 4 1
80 80 5 1
80 80 6 1
80 80 7 1
80 80 8 1
80 80 9 1
80 80 10 1
80 80 11 1
81 81 1 1
81 81 2 1
81 81 3 1
81 81 4 1
81 81 5 1
81 81 6 1
81 81 7 1
81 81 8 1
81 81 9 1
81 81 10 1
81 81 11 1
82 82 1 1
82 82 2 1
82 82 3 1
82 82 4 1
82 82 5 1
82 82 6 1
82 82 7 1
82 82 8 1
82 82 9 1
82 82 10 1
82 82 11 1
83 83 1 1
83 83 2 1
83 83 3 1
83 83 4 1
83 83 5 1
83 83 6 1
83 83 7 1
83 83 8 1
83 83 9 1
83 83 10 1
83 83 11 1
84 84 1 1
84 84 2 1
84 84 3 1
84 84 4 1
84 84 5 1
84 84 6 1
84 84 7 1
84 84 8 1
84 84 9 1
84 84 10 1
84 84 11 1
85 85 1 1
85 85 2 1
85 85 3 1
85 85 4 1
85 85 5 1
85 85 6 1
85 85 7 1
85 85 8 1
85 85 9 1
85 85 10 1
85 85 11 1
86 86 1 1
86 86 2 1
86 86 3 1
86 86 4 1
86 86 5 1
86 86 6 1
86 86 7 1
86 86 8 1
86 86 9 1
86 86 10 1
86 86 11 1
87 87 1 1
87 87 2 1
87 87 3 1
87 87 4 1
87 87 5 1
87 87 6 1
87 87 7 1
87 87 8 1
87 87 9 1
87 87 10 1
87 87 11 1
88 88 1 1
88 88 2 1
88 88 3 1
88 88 4 1
88 88 5 1
88 88 6 1
88 88 7 1
88 88 8 1
88 88 9 1
88 88 10 1
88 88 11 1
89 89 1 1
89 89 2 1
89 89 3 1
89 89 4 1
89 89 5 1
89 89 6 1
89 89 7 1
89 89 8 1
89 89 9 1
89 89 10 1
89 89 11 1
90 90 1 1
90 90 2 1
90 90 3 1
90 90 4 1
90 90 5 1
90 90 6 1
90 90 7 1
90 90 8 1
90 90 9 1
90 90 10 1
90 90 11 1
91 91 1 1
91 91 2 1
91 91 3 1
91 91 4 1
91 91 5 1
91 91 6 1
91 91 7 1
91 91 8 1
91 91 9 1
91 91 10 1
91 91 11 1
92 92 1 1
92 92 2 1
92 92 3 1
92 92 4 1
92 92 5 1
92 92 6 1
92 92 7 1
92 92 8 1
92 92 9 1
92 92 10 1
92 92 11 1
93 93 1 1
93 93 2 1
93 93 3 1
93 93 4 1
93 93 5 1
93 93 6 1
93 93 7 1
93 93 8 1
93 93 9 1
93 93 10 1
93 93 11 1
94 94 1 1
94 94 2 1
94 94 3 1
94 94 4 1
94 94 5 1
94 94 6 1
94 94 7 1
94 94 8 1
94 94 9 1
94 94 10 1
94 94 11 1
95 95 1 1
95 95 2 1
95 95 3 1
95 95 4 1
95 95 5 1
95 95 6 1
95 95 7 1
95 95 8 1
95 95 9 1
95 95 10 1
95 95 11 1
96 96 1 1
96 96 2 1
96 96 3 1
96 96 4 1
96 96 5 1
96 96 6 1
96 96 7 1
96 96 8 1
96 96 9 1
96 96 10 1
96 96 11 1
97 97 1 1
97 97 2 1
97 97 3 1
97 97 4 1
97 97 5 1
97 97 6 1
97 97 7 1
97 97 8 1
97 97 9 1
97 97 10 1
97 97 11 1
98 98 1 1
98 98 2 1
98 98 3 1
98 98 4 1
98 98 5 1
98 98 6 1
98 98 7 1
98 98 8 1
98 98 9 1
98 98 10 1
98 98 11 1
99 99 1 1
99 99 2 1
99 99 3 1
99 99 4 1
99 99 5 1
99 99 6 1
99 99 7 1
99 99 8 1
99 99 9 1
99 99 10 1
99 99 11 1
100 100 1 1
100 100 2 1
100 100 3 1
100 100 4 1
100 100 5 1
100 100 6 1
100 100 7 1
100 100 8 1
100 100 9 1
100 100 10 1
100 100 11 1
